1,0,0,0,0,7,0,0,64,5,5,0,1,0,0,7,1,2,128,5,8,2,3,128,1,3,4,2,0,0,8,5,1,32,3,8,3,6,64,5,7,7,4,32,3,7,6,7,128,3,6,9,8,0,0,2,10,10,0,0,0,0,0,0,0,0,0,0,0,0,0,0,0,0,0,0,0,0,0,0,0,0,0,0,0,0,0,0,0,0,0,0,0,0,0,0,0,0,0,0,0,0,0,0,0,0,0,0,0,0,0,0,0,0,0,0,0,0,0,0,0,0,0,0,0,0,0,0,0,0,0,0,0,0,0,0,0,0,0,0,0,0,0,0,0,0,0,0,0,0,0.9216382503509521
1,0,0,0,0,7,0,0,64,5,5,0,1,0,0,7,1,2,128,5,8,2,3,128,1,3,4,2,0,0,8,5,1,32,3,7,3,6,32,3,7,7,4,32,3,8,6,7,32,5,6,9,8,0,0,2,10,9,0,0,0,0,0,0,0,0,0,0,0,0,0,0,0,0,0,0,0,0,0,0,0,0,0,0,0,0,0,0,0,0,0,0,0,0,0,0,0,0,0,0,0,0,0,0,0,0,0,0,0,0,0,0,0,0,0,0,0,0,0,0,0,0,0,0,0,0,0,0,0,0,0,0,0,0,0,0,0,0,0,0,0,0,0,0,0,0,0,0,0,0,0.9239590167999268
1,0,0,0,0,7,0,0,64,5,7,0,1,64,1,7,1,2,128,5,8,2,3,128,1,3,4,2,0,0,8,5,1,128,5,8,3,6,64,5,7,7,4,32,3,7,6,7,128,3,6,9,8,0,0,2,10,10,0,0,0,0,0,0,0,0,0,0,0,0,0,0,0,0,0,0,0,0,0,0,0,0,0,0,0,0,0,0,0,0,0,0,0,0,0,0,0,0,0,0,0,0,0,0,0,0,0,0,0,0,0,0,0,0,0,0,0,0,0,0,0,0,0,0,0,0,0,0,0,0,0,0,0,0,0,0,0,0,0,0,0,0,0,0,0,0,0,0,0,0,0.9187713265419006
1,0,0,0,0,7,0,0,64,5,5,0,1,0,0,7,1,2,128,5,8,2,3,128,1,3,4,2,0,0,8,5,1,32,3,7,3,6,32,3,7,7,4,32,3,8,6,7,32,5,6,9,8,0,0,2,10,9,0,0,0,0,0,0,0,0,0,0,0,0,0,0,0,0,0,0,0,0,0,0,0,0,0,0,0,0,0,0,0,0,0,0,0,0,0,0,0,0,0,0,0,0,0,0,0,0,0,0,0,0,0,0,0,0,0,0,0,0,0,0,0,0,0,0,0,0,0,0,0,0,0,0,0,0,0,0,0,0,0,0,0,0,0,0,0,0,0,0,0,0,0.9239590167999268
1,0,0,0,0,7,0,0,64,5,3,1,0,0,0,5,0,2,0,0,8,3,3,128,1,7,4,3,64,3,8,5,1,32,3,8,6,6,32,5,4,7,6,0,0,2,8,7,0,0,0,0,0,0,0,0,0,0,0,0,0,0,0,0,0,0,0,0,0,0,0,0,0,0,0,0,0,0,0,0,0,0,0,0,0,0,0,0,0,0,0,0,0,0,0,0,0,0,0,0,0,0,0,0,0,0,0,0,0,0,0,0,0,0,0,0,0,0,0,0,0,0,0,0,0,0,0,0,0,0,0,0,0,0,0,0,0,0,0,0,0,0,0,0,0,0,0,0,0,0,0.9313310384750366
1,0,0,0,0,7,0,0,64,5,7,0,0,32,1,4,2,2,0,0,5,1,1,0,0,8,3,1,32,1,7,5,5,64,3,8,4,6,128,1,3,7,6,0,0,8,8,1,32,3,7,6,9,32,3,7,10,7,32,3,8,9,10,32,3,6,12,11,0,0,2,13,12,0,0,0,0,0,0,0,0,0,0,0,0,0,0,0,0,0,0,0,0,0,0,0,0,0,0,0,0,0,0,0,0,0,0,0,0,0,0,0,0,0,0,0,0,0,0,0,0,0,0,0,0,0,0,0,0,0,0,0,0,0,0,0,0,0,0,0,0,0,0,0,0,0,0,0,0,0,0.9138566255569458
1,0,0,0,0,7,0,0,64,5,3,1,0,0,0,5,0,2,0,0,8,3,3,128,1,7,4,3,64,3,8,5,1,32,3,8,6,6,32,5,4,7,6,0,0,2,8,7,0,0,0,0,0,0,0,0,0,0,0,0,0,0,0,0,0,0,0,0,0,0,0,0,0,0,0,0,0,0,0,0,0,0,0,0,0,0,0,0,0,0,0,0,0,0,0,0,0,0,0,0,0,0,0,0,0,0,0,0,0,0,0,0,0,0,0,0,0,0,0,0,0,0,0,0,0,0,0,0,0,0,0,0,0,0,0,0,0,0,0,0,0,0,0,0,0,0,0,0,0,0,0.9313310384750366
1,0,0,0,0,7,0,0,128,5,7,1,0,64,5,8,2,2,128,3,8,3,2,128,1,2,4,4,0,0,0,0,0,0,0,0,0,0,0,0,0,0,0,0,0,0,0,0,0,0,0,0,0,0,0,0,0,0,0,0,0,0,0,0,0,0,0,0,0,0,0,0,0,0,0,0,0,0,0,0,0,0,0,0,0,0,0,0,0,0,0,0,0,0,0,0,0,0,0,0,0,0,0,0,0,0,0,0,0,0,0,0,0,0,0,0,0,0,0,0,0,0,0,0,0,0,0,0,0,0,0,0,0,0,0,0,0,0,0,0,0,0,0,0,0,0,0,0,0,0,0.7860750555992126
1,0,0,0,0,7,0,0,64,5,8,1,1,128,1,7,2,1,64,3,8,3,0,32,3,8,4,4,32,5,4,5,4,0,0,2,6,5,0,0,0,0,0,0,0,0,0,0,0,0,0,0,0,0,0,0,0,0,0,0,0,0,0,0,0,0,0,0,0,0,0,0,0,0,0,0,0,0,0,0,0,0,0,0,0,0,0,0,0,0,0,0,0,0,0,0,0,0,0,0,0,0,0,0,0,0,0,0,0,0,0,0,0,0,0,0,0,0,0,0,0,0,0,0,0,0,0,0,0,0,0,0,0,0,0,0,0,0,0,0,0,0,0,0,0,0,0,0,0,0,0.9144027233123779
1,0,0,0,0,7,0,0,64,5,3,1,1,0,0,5,0,2,0,0,8,3,3,128,1,7,4,3,64,3,8,5,1,32,3,8,6,6,32,5,4,7,6,0,0,2,8,7,0,0,0,0,0,0,0,0,0,0,0,0,0,0,0,0,0,0,0,0,0,0,0,0,0,0,0,0,0,0,0,0,0,0,0,0,0,0,0,0,0,0,0,0,0,0,0,0,0,0,0,0,0,0,0,0,0,0,0,0,0,0,0,0,0,0,0,0,0,0,0,0,0,0,0,0,0,0,0,0,0,0,0,0,0,0,0,0,0,0,0,0,0,0,0,0,0,0,0,0,0,0,0.9313310384750366
1,0,0,0,0,7,0,0,64,5,3,1,1,0,0,5,0,2,0,0,8,3,3,128,1,7,4,3,64,3,8,5,1,64,3,7,6,6,32,3,4,7,6,0,0,2,8,7,0,0,0,0,0,0,0,0,0,0,0,0,0,0,0,0,0,0,0,0,0,0,0,0,0,0,0,0,0,0,0,0,0,0,0,0,0,0,0,0,0,0,0,0,0,0,0,0,0,0,0,0,0,0,0,0,0,0,0,0,0,0,0,0,0,0,0,0,0,0,0,0,0,0,0,0,0,0,0,0,0,0,0,0,0,0,0,0,0,0,0,0,0,0,0,0,0,0,0,0,0,0,0.9240955710411072
1,0,0,0,0,7,0,0,64,5,7,1,1,32,3,7,2,1,128,3,3,3,3,0,0,4,4,2,0,0,2,5,4,0,0,0,0,0,0,0,0,0,0,0,0,0,0,0,0,0,0,0,0,0,0,0,0,0,0,0,0,0,0,0,0,0,0,0,0,0,0,0,0,0,0,0,0,0,0,0,0,0,0,0,0,0,0,0,0,0,0,0,0,0,0,0,0,0,0,0,0,0,0,0,0,0,0,0,0,0,0,0,0,0,0,0,0,0,0,0,0,0,0,0,0,0,0,0,0,0,0,0,0,0,0,0,0,0,0,0,0,0,0,0,0,0,0,0,0,0,0.8896928429603577
1,0,0,0,0,7,0,0,64,5,3,1,1,0,0,5,0,2,0,0,8,3,3,128,1,7,4,3,64,3,8,5,1,32,3,8,6,6,32,5,4,7,6,0,0,2,8,7,0,0,0,0,0,0,0,0,0,0,0,0,0,0,0,0,0,0,0,0,0,0,0,0,0,0,0,0,0,0,0,0,0,0,0,0,0,0,0,0,0,0,0,0,0,0,0,0,0,0,0,0,0,0,0,0,0,0,0,0,0,0,0,0,0,0,0,0,0,0,0,0,0,0,0,0,0,0,0,0,0,0,0,0,0,0,0,0,0,0,0,0,0,0,0,0,0,0,0,0,0,0,0.9313310384750366
1,0,0,0,0,7,0,0,64,5,3,1,1,0,0,5,0,2,0,0,7,3,3,64,1,8,4,1,32,3,7,5,3,32,3,8,6,5,64,5,4,7,5,0,0,2,8,7,0,0,0,0,0,0,0,0,0,0,0,0,0,0,0,0,0,0,0,0,0,0,0,0,0,0,0,0,0,0,0,0,0,0,0,0,0,0,0,0,0,0,0,0,0,0,0,0,0,0,0,0,0,0,0,0,0,0,0,0,0,0,0,0,0,0,0,0,0,0,0,0,0,0,0,0,0,0,0,0,0,0,0,0,0,0,0,0,0,0,0,0,0,0,0,0,0,0,0,0,0,0,0.9316040873527527
1,0,0,0,0,7,0,0,64,5,7,1,0,64,5,7,0,0,64,5,6,3,2,0,0,8,4,4,32,5,4,5,4,0,0,2,6,5,0,0,0,0,0,0,0,0,0,0,0,0,0,0,0,0,0,0,0,0,0,0,0,0,0,0,0,0,0,0,0,0,0,0,0,0,0,0,0,0,0,0,0,0,0,0,0,0,0,0,0,0,0,0,0,0,0,0,0,0,0,0,0,0,0,0,0,0,0,0,0,0,0,0,0,0,0,0,0,0,0,0,0,0,0,0,0,0,0,0,0,0,0,0,0,0,0,0,0,0,0,0,0,0,0,0,0,0,0,0,0,0,0.9063481092453003
1,0,0,0,0,7,0,0,64,5,3,1,1,0,0,5,0,2,0,0,7,3,3,64,1,8,4,1,32,3,7,5,3,32,3,8,6,5,64,5,4,7,5,0,0,2,8,7,0,0,0,0,0,0,0,0,0,0,0,0,0,0,0,0,0,0,0,0,0,0,0,0,0,0,0,0,0,0,0,0,0,0,0,0,0,0,0,0,0,0,0,0,0,0,0,0,0,0,0,0,0,0,0,0,0,0,0,0,0,0,0,0,0,0,0,0,0,0,0,0,0,0,0,0,0,0,0,0,0,0,0,0,0,0,0,0,0,0,0,0,0,0,0,0,0,0,0,0,0,0,0.9316040873527527
1,0,0,0,0,7,0,0,64,5,8,0,0,32,3,7,0,0,64,5,8,3,3,128,1,8,4,4,32,5,8,1,3,32,5,8,6,6,128,1,8,5,5,128,5,7,7,5,64,3,8,2,4,64,3,5,9,8,0,0,6,11,10,0,0,8,12,11,32,3,2,13,13,0,0,0,0,0,0,0,0,0,0,0,0,0,0,0,0,0,0,0,0,0,0,0,0,0,0,0,0,0,0,0,0,0,0,0,0,0,0,0,0,0,0,0,0,0,0,0,0,0,0,0,0,0,0,0,0,0,0,0,0,0,0,0,0,0,0,0,0,0,0,0,0,0,0,0,0,0,0.8731740713119507
1,0,0,0,0,7,0,0,64,3,3,1,1,0,0,5,0,2,0,0,7,3,3,64,1,8,4,1,32,3,7,5,3,32,3,8,6,5,64,5,4,7,5,0,0,2,8,7,0,0,0,0,0,0,0,0,0,0,0,0,0,0,0,0,0,0,0,0,0,0,0,0,0,0,0,0,0,0,0,0,0,0,0,0,0,0,0,0,0,0,0,0,0,0,0,0,0,0,0,0,0,0,0,0,0,0,0,0,0,0,0,0,0,0,0,0,0,0,0,0,0,0,0,0,0,0,0,0,0,0,0,0,0,0,0,0,0,0,0,0,0,0,0,0,0,0,0,0,0,0,0.9325597286224365
1,0,0,0,0,7,0,0,64,3,3,1,1,0,0,5,0,2,0,0,7,3,3,64,1,8,4,1,32,3,7,5,3,32,3,8,6,5,64,5,4,7,5,0,0,2,8,7,0,0,0,0,0,0,0,0,0,0,0,0,0,0,0,0,0,0,0,0,0,0,0,0,0,0,0,0,0,0,0,0,0,0,0,0,0,0,0,0,0,0,0,0,0,0,0,0,0,0,0,0,0,0,0,0,0,0,0,0,0,0,0,0,0,0,0,0,0,0,0,0,0,0,0,0,0,0,0,0,0,0,0,0,0,0,0,0,0,0,0,0,0,0,0,0,0,0,0,0,0,0,0.9325597286224365
1,0,0,0,0,7,0,0,64,3,8,0,0,32,3,7,0,0,64,5,8,3,3,128,1,8,4,4,32,5,7,1,3,128,3,8,6,6,128,1,8,5,5,128,5,7,7,5,64,3,8,2,4,64,3,5,9,8,0,0,6,11,10,0,0,8,12,11,32,3,2,13,13,0,0,0,0,0,0,0,0,0,0,0,0,0,0,0,0,0,0,0,0,0,0,0,0,0,0,0,0,0,0,0,0,0,0,0,0,0,0,0,0,0,0,0,0,0,0,0,0,0,0,0,0,0,0,0,0,0,0,0,0,0,0,0,0,0,0,0,0,0,0,0,0,0,0,0,0,0,0.8621160387992859
1,0,0,0,0,8,0,0,32,1,7,1,1,128,3,8,2,1,128,3,3,3,2,0,0,8,4,2,32,3,7,5,4,64,5,8,6,6,64,1,2,7,5,0,0,0,0,0,0,0,0,0,0,0,0,0,0,0,0,0,0,0,0,0,0,0,0,0,0,0,0,0,0,0,0,0,0,0,0,0,0,0,0,0,0,0,0,0,0,0,0,0,0,0,0,0,0,0,0,0,0,0,0,0,0,0,0,0,0,0,0,0,0,0,0,0,0,0,0,0,0,0,0,0,0,0,0,0,0,0,0,0,0,0,0,0,0,0,0,0,0,0,0,0,0,0,0,0,0,0,0.9301024079322815
1,0,0,0,0,7,0,0,64,3,3,1,0,0,0,5,0,2,0,0,7,3,3,64,1,8,4,1,32,3,7,5,5,32,3,8,6,5,64,5,4,7,5,0,0,2,8,7,0,0,0,0,0,0,0,0,0,0,0,0,0,0,0,0,0,0,0,0,0,0,0,0,0,0,0,0,0,0,0,0,0,0,0,0,0,0,0,0,0,0,0,0,0,0,0,0,0,0,0,0,0,0,0,0,0,0,0,0,0,0,0,0,0,0,0,0,0,0,0,0,0,0,0,0,0,0,0,0,0,0,0,0,0,0,0,0,0,0,0,0,0,0,0,0,0,0,0,0,0,0,0.9325597286224365
1,0,0,0,0,7,0,0,64,3,7,0,0,64,5,8,2,1,64,3,8,3,3,32,5,7,1,2,128,3,7,5,3,128,3,5,4,6,0,0,7,7,7,32,3,8,8,7,64,5,4,9,7,0,0,2,10,9,0,0,0,0,0,0,0,0,0,0,0,0,0,0,0,0,0,0,0,0,0,0,0,0,0,0,0,0,0,0,0,0,0,0,0,0,0,0,0,0,0,0,0,0,0,0,0,0,0,0,0,0,0,0,0,0,0,0,0,0,0,0,0,0,0,0,0,0,0,0,0,0,0,0,0,0,0,0,0,0,0,0,0,0,0,0,0,0,0,0,0,0,0.9292832612991333
1,0,0,0,0,7,0,0,64,3,7,0,0,64,5,8,2,2,128,1,3,1,0,0,0,5,3,4,0,0,7,5,5,64,1,8,6,3,32,3,7,7,7,32,3,8,8,7,64,5,8,9,7,64,5,2,10,8,0,0,0,0,0,0,0,0,0,0,0,0,0,0,0,0,0,0,0,0,0,0,0,0,0,0,0,0,0,0,0,0,0,0,0,0,0,0,0,0,0,0,0,0,0,0,0,0,0,0,0,0,0,0,0,0,0,0,0,0,0,0,0,0,0,0,0,0,0,0,0,0,0,0,0,0,0,0,0,0,0,0,0,0,0,0,0,0,0,0,0,0,0.9391126036643982
1,0,0,0,0,7,0,0,64,3,7,0,0,64,5,8,2,2,128,1,3,1,0,0,0,5,3,4,0,0,7,5,5,64,1,8,6,3,32,3,7,7,7,32,3,8,8,7,64,5,8,9,7,64,5,2,10,8,0,0,0,0,0,0,0,0,0,0,0,0,0,0,0,0,0,0,0,0,0,0,0,0,0,0,0,0,0,0,0,0,0,0,0,0,0,0,0,0,0,0,0,0,0,0,0,0,0,0,0,0,0,0,0,0,0,0,0,0,0,0,0,0,0,0,0,0,0,0,0,0,0,0,0,0,0,0,0,0,0,0,0,0,0,0,0,0,0,0,0,0,0.9391126036643982
1,0,0,0,0,7,0,0,64,3,7,1,1,128,5,8,2,2,64,5,7,3,3,32,3,8,4,3,64,5,8,5,3,32,3,2,6,4,0,0,0,0,0,0,0,0,0,0,0,0,0,0,0,0,0,0,0,0,0,0,0,0,0,0,0,0,0,0,0,0,0,0,0,0,0,0,0,0,0,0,0,0,0,0,0,0,0,0,0,0,0,0,0,0,0,0,0,0,0,0,0,0,0,0,0,0,0,0,0,0,0,0,0,0,0,0,0,0,0,0,0,0,0,0,0,0,0,0,0,0,0,0,0,0,0,0,0,0,0,0,0,0,0,0,0,0,0,0,0,0,0.18593856692314148
1,0,0,0,0,7,0,0,64,5,7,1,1,64,5,8,2,0,32,1,8,3,2,32,3,8,4,2,32,3,7,5,5,32,3,8,6,5,64,5,8,7,5,64,5,2,8,6,0,0,0,0,0,0,0,0,0,0,0,0,0,0,0,0,0,0,0,0,0,0,0,0,0,0,0,0,0,0,0,0,0,0,0,0,0,0,0,0,0,0,0,0,0,0,0,0,0,0,0,0,0,0,0,0,0,0,0,0,0,0,0,0,0,0,0,0,0,0,0,0,0,0,0,0,0,0,0,0,0,0,0,0,0,0,0,0,0,0,0,0,0,0,0,0,0,0,0,0,0,0,0.18593856692314148
1,0,0,0,0,7,0,0,64,3,7,0,0,64,5,8,2,2,128,1,3,1,2,0,0,5,3,4,0,0,7,5,5,64,1,8,6,3,32,3,7,7,7,32,3,8,8,7,64,5,8,9,7,64,5,2,10,8,0,0,0,0,0,0,0,0,0,0,0,0,0,0,0,0,0,0,0,0,0,0,0,0,0,0,0,0,0,0,0,0,0,0,0,0,0,0,0,0,0,0,0,0,0,0,0,0,0,0,0,0,0,0,0,0,0,0,0,0,0,0,0,0,0,0,0,0,0,0,0,0,0,0,0,0,0,0,0,0,0,0,0,0,0,0,0,0,0,0,0,0,0.9391126036643982
1,0,0,0,0,7,0,0,64,3,7,0,0,128,3,8,2,2,128,1,3,1,2,0,0,5,3,4,0,0,7,5,5,64,1,8,6,3,32,3,7,7,7,32,3,8,8,7,64,5,8,9,7,32,3,2,10,8,0,0,0,0,0,0,0,0,0,0,0,0,0,0,0,0,0,0,0,0,0,0,0,0,0,0,0,0,0,0,0,0,0,0,0,0,0,0,0,0,0,0,0,0,0,0,0,0,0,0,0,0,0,0,0,0,0,0,0,0,0,0,0,0,0,0,0,0,0,0,0,0,0,0,0,0,0,0,0,0,0,0,0,0,0,0,0,0,0,0,0,0,0.929692804813385
1,0,0,0,0,7,0,0,32,5,8,1,0,32,5,5,2,2,0,0,7,3,3,32,3,8,4,3,64,5,8,5,3,64,5,2,6,4,0,0,0,0,0,0,0,0,0,0,0,0,0,0,0,0,0,0,0,0,0,0,0,0,0,0,0,0,0,0,0,0,0,0,0,0,0,0,0,0,0,0,0,0,0,0,0,0,0,0,0,0,0,0,0,0,0,0,0,0,0,0,0,0,0,0,0,0,0,0,0,0,0,0,0,0,0,0,0,0,0,0,0,0,0,0,0,0,0,0,0,0,0,0,0,0,0,0,0,0,0,0,0,0,0,0,0,0,0,0,0,0,0.9220477938652039
1,0,0,0,0,7,0,0,64,3,7,0,0,64,5,8,2,2,128,1,3,1,0,0,0,5,3,4,0,0,7,5,5,64,1,8,6,3,32,3,7,7,7,32,3,8,8,8,64,5,8,9,7,64,5,2,10,8,0,0,0,0,0,0,0,0,0,0,0,0,0,0,0,0,0,0,0,0,0,0,0,0,0,0,0,0,0,0,0,0,0,0,0,0,0,0,0,0,0,0,0,0,0,0,0,0,0,0,0,0,0,0,0,0,0,0,0,0,0,0,0,0,0,0,0,0,0,0,0,0,0,0,0,0,0,0,0,0,0,0,0,0,0,0,0,0,0,0,0,0,0.9391126036643982
1,0,0,0,0,8,0,0,32,3,8,1,1,128,1,7,2,2,64,5,7,3,3,64,1,8,4,3,32,3,7,5,5,32,3,8,6,6,64,5,8,7,5,64,5,2,8,6,0,0,0,0,0,0,0,0,0,0,0,0,0,0,0,0,0,0,0,0,0,0,0,0,0,0,0,0,0,0,0,0,0,0,0,0,0,0,0,0,0,0,0,0,0,0,0,0,0,0,0,0,0,0,0,0,0,0,0,0,0,0,0,0,0,0,0,0,0,0,0,0,0,0,0,0,0,0,0,0,0,0,0,0,0,0,0,0,0,0,0,0,0,0,0,0,0,0,0,0,0,0,0.18593856692314148
1,0,0,0,0,7,0,0,64,3,8,0,0,128,1,8,2,2,128,1,3,1,0,0,0,5,3,4,0,0,7,5,5,64,1,8,6,3,32,3,7,7,7,128,1,8,8,8,64,5,8,9,7,64,5,2,10,8,0,0,0,0,0,0,0,0,0,0,0,0,0,0,0,0,0,0,0,0,0,0,0,0,0,0,0,0,0,0,0,0,0,0,0,0,0,0,0,0,0,0,0,0,0,0,0,0,0,0,0,0,0,0,0,0,0,0,0,0,0,0,0,0,0,0,0,0,0,0,0,0,0,0,0,0,0,0,0,0,0,0,0,0,0,0,0,0,0,0,0,0,0.9344710111618042
1,0,0,0,0,7,0,0,64,3,7,0,0,64,5,8,2,2,128,1,3,1,2,0,0,5,3,4,0,0,7,5,5,64,1,8,6,3,32,3,7,7,7,32,3,8,8,8,64,5,8,9,7,64,5,2,10,8,0,0,0,0,0,0,0,0,0,0,0,0,0,0,0,0,0,0,0,0,0,0,0,0,0,0,0,0,0,0,0,0,0,0,0,0,0,0,0,0,0,0,0,0,0,0,0,0,0,0,0,0,0,0,0,0,0,0,0,0,0,0,0,0,0,0,0,0,0,0,0,0,0,0,0,0,0,0,0,0,0,0,0,0,0,0,0,0,0,0,0,0,0.9347440004348755
1,0,0,0,0,7,0,0,64,3,7,1,1,128,3,8,2,1,128,3,3,3,2,0,0,8,4,4,128,3,8,5,5,64,3,2,6,5,0,0,0,0,0,0,0,0,0,0,0,0,0,0,0,0,0,0,0,0,0,0,0,0,0,0,0,0,0,0,0,0,0,0,0,0,0,0,0,0,0,0,0,0,0,0,0,0,0,0,0,0,0,0,0,0,0,0,0,0,0,0,0,0,0,0,0,0,0,0,0,0,0,0,0,0,0,0,0,0,0,0,0,0,0,0,0,0,0,0,0,0,0,0,0,0,0,0,0,0,0,0,0,0,0,0,0,0,0,0,0,0,0.9281911253929138
1,0,0,0,0,7,0,0,64,5,7,1,1,64,5,8,2,0,64,3,8,3,2,32,3,8,4,2,32,3,7,5,5,32,3,8,6,5,64,5,8,7,5,64,5,2,8,6,0,0,0,0,0,0,0,0,0,0,0,0,0,0,0,0,0,0,0,0,0,0,0,0,0,0,0,0,0,0,0,0,0,0,0,0,0,0,0,0,0,0,0,0,0,0,0,0,0,0,0,0,0,0,0,0,0,0,0,0,0,0,0,0,0,0,0,0,0,0,0,0,0,0,0,0,0,0,0,0,0,0,0,0,0,0,0,0,0,0,0,0,0,0,0,0,0,0,0,0,0,0,0.18593856692314148
1,0,0,0,0,7,0,0,64,1,8,1,1,128,1,3,2,2,0,0,7,3,3,128,5,7,4,4,32,3,2,5,5,0,0,0,0,0,0,0,0,0,0,0,0,0,0,0,0,0,0,0,0,0,0,0,0,0,0,0,0,0,0,0,0,0,0,0,0,0,0,0,0,0,0,0,0,0,0,0,0,0,0,0,0,0,0,0,0,0,0,0,0,0,0,0,0,0,0,0,0,0,0,0,0,0,0,0,0,0,0,0,0,0,0,0,0,0,0,0,0,0,0,0,0,0,0,0,0,0,0,0,0,0,0,0,0,0,0,0,0,0,0,0,0,0,0,0,0,0,0.8319454193115234
1,0,0,0,0,7,0,0,64,1,8,1,1,128,1,8,2,2,64,5,7,3,3,128,5,7,4,4,32,3,2,5,4,0,0,0,0,0,0,0,0,0,0,0,0,0,0,0,0,0,0,0,0,0,0,0,0,0,0,0,0,0,0,0,0,0,0,0,0,0,0,0,0,0,0,0,0,0,0,0,0,0,0,0,0,0,0,0,0,0,0,0,0,0,0,0,0,0,0,0,0,0,0,0,0,0,0,0,0,0,0,0,0,0,0,0,0,0,0,0,0,0,0,0,0,0,0,0,0,0,0,0,0,0,0,0,0,0,0,0,0,0,0,0,0,0,0,0,0,0,0.8516041040420532
1,0,0,0,0,7,0,0,64,1,8,1,1,128,1,3,2,2,0,0,7,3,3,128,5,8,4,4,128,1,2,5,5,0,0,0,0,0,0,0,0,0,0,0,0,0,0,0,0,0,0,0,0,0,0,0,0,0,0,0,0,0,0,0,0,0,0,0,0,0,0,0,0,0,0,0,0,0,0,0,0,0,0,0,0,0,0,0,0,0,0,0,0,0,0,0,0,0,0,0,0,0,0,0,0,0,0,0,0,0,0,0,0,0,0,0,0,0,0,0,0,0,0,0,0,0,0,0,0,0,0,0,0,0,0,0,0,0,0,0,0,0,0,0,0,0,0,0,0,0,0.8094198107719421
1,0,0,0,0,7,0,0,64,1,8,1,1,128,1,8,2,2,64,5,7,3,3,128,5,7,4,4,32,3,2,5,4,0,0,0,0,0,0,0,0,0,0,0,0,0,0,0,0,0,0,0,0,0,0,0,0,0,0,0,0,0,0,0,0,0,0,0,0,0,0,0,0,0,0,0,0,0,0,0,0,0,0,0,0,0,0,0,0,0,0,0,0,0,0,0,0,0,0,0,0,0,0,0,0,0,0,0,0,0,0,0,0,0,0,0,0,0,0,0,0,0,0,0,0,0,0,0,0,0,0,0,0,0,0,0,0,0,0,0,0,0,0,0,0,0,0,0,0,0,0.8516041040420532
1,0,0,0,0,7,0,0,64,1,7,1,1,32,1,8,1,1,128,1,7,2,2,64,5,8,4,2,64,1,8,5,1,128,1,5,3,6,0,0,7,7,7,32,3,8,8,8,32,3,3,9,7,0,0,2,10,9,0,0,0,0,0,0,0,0,0,0,0,0,0,0,0,0,0,0,0,0,0,0,0,0,0,0,0,0,0,0,0,0,0,0,0,0,0,0,0,0,0,0,0,0,0,0,0,0,0,0,0,0,0,0,0,0,0,0,0,0,0,0,0,0,0,0,0,0,0,0,0,0,0,0,0,0,0,0,0,0,0,0,0,0,0,0,0,0,0,0,0,0,0.8677133321762085
1,0,0,0,0,8,0,0,128,3,7,1,0,64,5,8,2,2,32,1,7,3,2,128,3,7,4,4,32,3,2,5,4,0,0,0,0,0,0,0,0,0,0,0,0,0,0,0,0,0,0,0,0,0,0,0,0,0,0,0,0,0,0,0,0,0,0,0,0,0,0,0,0,0,0,0,0,0,0,0,0,0,0,0,0,0,0,0,0,0,0,0,0,0,0,0,0,0,0,0,0,0,0,0,0,0,0,0,0,0,0,0,0,0,0,0,0,0,0,0,0,0,0,0,0,0,0,0,0,0,0,0,0,0,0,0,0,0,0,0,0,0,0,0,0,0,0,0,0,0,0.9078498482704163
1,0,0,0,0,8,0,0,128,3,7,1,0,64,5,8,2,2,32,1,7,3,2,128,3,7,4,4,32,3,2,5,4,0,0,0,0,0,0,0,0,0,0,0,0,0,0,0,0,0,0,0,0,0,0,0,0,0,0,0,0,0,0,0,0,0,0,0,0,0,0,0,0,0,0,0,0,0,0,0,0,0,0,0,0,0,0,0,0,0,0,0,0,0,0,0,0,0,0,0,0,0,0,0,0,0,0,0,0,0,0,0,0,0,0,0,0,0,0,0,0,0,0,0,0,0,0,0,0,0,0,0,0,0,0,0,0,0,0,0,0,0,0,0,0,0,0,0,0,0,0.9078498482704163
1,0,0,0,0,4,0,0,0,0,8,0,0,128,3,4,2,0,0,0,8,1,1,64,1,8,4,4,128,5,8,5,4,64,3,8,3,6,32,1,6,7,6,0,0,7,8,8,32,3,2,9,8,0,0,0,0,0,0,0,0,0,0,0,0,0,0,0,0,0,0,0,0,0,0,0,0,0,0,0,0,0,0,0,0,0,0,0,0,0,0,0,0,0,0,0,0,0,0,0,0,0,0,0,0,0,0,0,0,0,0,0,0,0,0,0,0,0,0,0,0,0,0,0,0,0,0,0,0,0,0,0,0,0,0,0,0,0,0,0,0,0,0,0,0,0,0,0,0,0,0.9209556579589844
1,0,0,0,0,8,0,0,128,3,7,1,0,128,1,7,2,2,32,1,4,3,3,0,0,2,4,4,0,0,0,0,0,0,0,0,0,0,0,0,0,0,0,0,0,0,0,0,0,0,0,0,0,0,0,0,0,0,0,0,0,0,0,0,0,0,0,0,0,0,0,0,0,0,0,0,0,0,0,0,0,0,0,0,0,0,0,0,0,0,0,0,0,0,0,0,0,0,0,0,0,0,0,0,0,0,0,0,0,0,0,0,0,0,0,0,0,0,0,0,0,0,0,0,0,0,0,0,0,0,0,0,0,0,0,0,0,0,0,0,0,0,0,0,0,0,0,0,0,0,0.856245756149292
1,0,0,0,0,4,0,0,0,0,8,0,0,128,3,4,2,0,0,0,8,1,1,64,1,8,4,4,128,5,8,5,4,64,3,8,3,6,32,1,6,7,6,0,0,7,8,8,32,3,2,9,8,0,0,0,0,0,0,0,0,0,0,0,0,0,0,0,0,0,0,0,0,0,0,0,0,0,0,0,0,0,0,0,0,0,0,0,0,0,0,0,0,0,0,0,0,0,0,0,0,0,0,0,0,0,0,0,0,0,0,0,0,0,0,0,0,0,0,0,0,0,0,0,0,0,0,0,0,0,0,0,0,0,0,0,0,0,0,0,0,0,0,0,0,0,0,0,0,0,0.9209556579589844
1,0,0,0,0,7,0,0,64,1,4,0,0,0,0,8,2,2,64,1,8,1,2,128,1,8,3,4,128,5,8,5,3,64,3,8,4,6,64,5,6,7,6,0,0,7,8,8,32,3,2,9,8,0,0,0,0,0,0,0,0,0,0,0,0,0,0,0,0,0,0,0,0,0,0,0,0,0,0,0,0,0,0,0,0,0,0,0,0,0,0,0,0,0,0,0,0,0,0,0,0,0,0,0,0,0,0,0,0,0,0,0,0,0,0,0,0,0,0,0,0,0,0,0,0,0,0,0,0,0,0,0,0,0,0,0,0,0,0,0,0,0,0,0,0,0,0,0,0,0,0.9224573373794556
1,0,0,0,0,7,0,0,64,1,4,0,0,0,0,4,1,0,0,0,8,2,2,64,1,8,4,4,128,5,8,5,4,64,3,8,3,6,32,1,6,7,6,0,0,7,8,8,32,3,2,9,8,0,0,0,0,0,0,0,0,0,0,0,0,0,0,0,0,0,0,0,0,0,0,0,0,0,0,0,0,0,0,0,0,0,0,0,0,0,0,0,0,0,0,0,0,0,0,0,0,0,0,0,0,0,0,0,0,0,0,0,0,0,0,0,0,0,0,0,0,0,0,0,0,0,0,0,0,0,0,0,0,0,0,0,0,0,0,0,0,0,0,0,0,0,0,0,0,0,0.9183617830276489
1,0,0,0,0,7,0,0,64,1,4,0,0,0,0,8,2,2,64,1,8,1,2,128,1,8,3,4,128,5,8,5,3,64,3,8,4,6,64,5,6,7,6,0,0,7,8,8,32,3,2,9,8,0,0,0,0,0,0,0,0,0,0,0,0,0,0,0,0,0,0,0,0,0,0,0,0,0,0,0,0,0,0,0,0,0,0,0,0,0,0,0,0,0,0,0,0,0,0,0,0,0,0,0,0,0,0,0,0,0,0,0,0,0,0,0,0,0,0,0,0,0,0,0,0,0,0,0,0,0,0,0,0,0,0,0,0,0,0,0,0,0,0,0,0,0,0,0,0,0,0.9224573373794556
1,0,0,0,0,7,0,0,64,1,4,0,0,0,0,7,0,1,32,1,8,2,2,64,1,8,3,2,32,1,8,1,2,128,1,7,5,3,128,3,6,4,7,0,0,8,8,7,32,1,8,9,3,64,1,8,6,9,64,5,6,11,11,0,0,7,10,12,64,1,4,13,9,0,0,7,12,11,64,3,5,14,15,0,0,2,16,16,0,0,0,0,0,0,0,0,0,0,0,0,0,0,0,0,0,0,0,0,0,0,0,0,0,0,0,0,0,0,0,0,0,0,0,0,0,0,0,0,0,0,0,0,0,0,0,0,0,0,0,0,0,0,0,0,0,0,0,0,0,0,0.0
1,0,0,0,0,5,0,0,0,0,7,1,1,32,3,3,2,1,0,0,7,3,3,64,1,4,4,4,0,0,2,5,5,0,0,0,0,0,0,0,0,0,0,0,0,0,0,0,0,0,0,0,0,0,0,0,0,0,0,0,0,0,0,0,0,0,0,0,0,0,0,0,0,0,0,0,0,0,0,0,0,0,0,0,0,0,0,0,0,0,0,0,0,0,0,0,0,0,0,0,0,0,0,0,0,0,0,0,0,0,0,0,0,0,0,0,0,0,0,0,0,0,0,0,0,0,0,0,0,0,0,0,0,0,0,0,0,0,0,0,0,0,0,0,0,0,0,0,0,0,0.783481240272522
1,0,0,0,0,7,0,0,64,1,4,0,0,0,0,8,2,2,64,1,8,1,2,128,1,8,3,4,128,5,8,5,3,64,3,8,4,6,64,5,6,7,6,0,0,7,8,8,32,3,2,9,8,0,0,0,0,0,0,0,0,0,0,0,0,0,0,0,0,0,0,0,0,0,0,0,0,0,0,0,0,0,0,0,0,0,0,0,0,0,0,0,0,0,0,0,0,0,0,0,0,0,0,0,0,0,0,0,0,0,0,0,0,0,0,0,0,0,0,0,0,0,0,0,0,0,0,0,0,0,0,0,0,0,0,0,0,0,0,0,0,0,0,0,0,0,0,0,0,0,0.9224573373794556
1,0,0,0,0,7,0,0,64,1,4,0,0,0,0,8,2,2,64,1,8,1,1,128,1,8,3,4,128,5,7,5,3,64,3,8,4,6,64,5,6,7,6,0,0,7,8,8,32,3,2,9,8,0,0,0,0,0,0,0,0,0,0,0,0,0,0,0,0,0,0,0,0,0,0,0,0,0,0,0,0,0,0,0,0,0,0,0,0,0,0,0,0,0,0,0,0,0,0,0,0,0,0,0,0,0,0,0,0,0,0,0,0,0,0,0,0,0,0,0,0,0,0,0,0,0,0,0,0,0,0,0,0,0,0,0,0,0,0,0,0,0,0,0,0,0,0,0,0,0,0.9081228375434875
1,0,0,0,0,4,0,0,0,0,8,1,1,64,1,7,1,0,32,3,8,2,1,128,5,8,4,3,64,3,8,3,4,64,3,6,6,5,0,0,7,7,7,64,5,2,8,7,0,0,0,0,0,0,0,0,0,0,0,0,0,0,0,0,0,0,0,0,0,0,0,0,0,0,0,0,0,0,0,0,0,0,0,0,0,0,0,0,0,0,0,0,0,0,0,0,0,0,0,0,0,0,0,0,0,0,0,0,0,0,0,0,0,0,0,0,0,0,0,0,0,0,0,0,0,0,0,0,0,0,0,0,0,0,0,0,0,0,0,0,0,0,0,0,0,0,0,0,0,0,0.9228668808937073
1,0,0,0,0,4,0,0,0,0,8,1,1,64,1,7,1,0,32,3,8,2,1,128,5,8,4,3,64,3,8,3,4,64,3,6,6,5,0,0,7,7,7,64,5,2,8,7,0,0,0,0,0,0,0,0,0,0,0,0,0,0,0,0,0,0,0,0,0,0,0,0,0,0,0,0,0,0,0,0,0,0,0,0,0,0,0,0,0,0,0,0,0,0,0,0,0,0,0,0,0,0,0,0,0,0,0,0,0,0,0,0,0,0,0,0,0,0,0,0,0,0,0,0,0,0,0,0,0,0,0,0,0,0,0,0,0,0,0,0,0,0,0,0,0,0,0,0,0,0,0.9228668808937073
1,0,0,0,0,3,0,0,0,0,8,0,1,128,3,4,1,1,0,0,7,2,1,128,1,7,4,1,32,3,7,3,1,32,3,8,6,4,64,5,7,7,4,128,5,7,5,6,64,1,5,8,9,0,0,2,10,10,0,0,0,0,0,0,0,0,0,0,0,0,0,0,0,0,0,0,0,0,0,0,0,0,0,0,0,0,0,0,0,0,0,0,0,0,0,0,0,0,0,0,0,0,0,0,0,0,0,0,0,0,0,0,0,0,0,0,0,0,0,0,0,0,0,0,0,0,0,0,0,0,0,0,0,0,0,0,0,0,0,0,0,0,0,0,0,0,0,0,0,0,0.0
1,0,0,0,0,4,0,0,0,0,8,0,0,128,1,8,2,1,64,1,7,1,2,128,3,6,3,4,0,0,8,5,2,32,1,8,6,2,32,1,7,7,6,64,5,4,8,8,0,0,2,9,9,0,0,0,0,0,0,0,0,0,0,0,0,0,0,0,0,0,0,0,0,0,0,0,0,0,0,0,0,0,0,0,0,0,0,0,0,0,0,0,0,0,0,0,0,0,0,0,0,0,0,0,0,0,0,0,0,0,0,0,0,0,0,0,0,0,0,0,0,0,0,0,0,0,0,0,0,0,0,0,0,0,0,0,0,0,0,0,0,0,0,0,0,0,0,0,0,0,0.9126279950141907
1,0,0,0,0,4,0,0,0,0,8,1,1,64,1,7,1,0,32,3,8,2,1,128,5,8,4,3,64,3,8,3,4,64,3,6,6,5,0,0,7,7,7,64,5,2,8,7,0,0,0,0,0,0,0,0,0,0,0,0,0,0,0,0,0,0,0,0,0,0,0,0,0,0,0,0,0,0,0,0,0,0,0,0,0,0,0,0,0,0,0,0,0,0,0,0,0,0,0,0,0,0,0,0,0,0,0,0,0,0,0,0,0,0,0,0,0,0,0,0,0,0,0,0,0,0,0,0,0,0,0,0,0,0,0,0,0,0,0,0,0,0,0,0,0,0,0,0,0,0,0.9228668808937073
1,0,0,0,0,7,0,0,32,5,7,1,1,64,5,7,2,2,128,1,7,3,2,128,5,8,4,3,64,5,7,5,4,64,5,2,6,5,0,0,0,0,0,0,0,0,0,0,0,0,0,0,0,0,0,0,0,0,0,0,0,0,0,0,0,0,0,0,0,0,0,0,0,0,0,0,0,0,0,0,0,0,0,0,0,0,0,0,0,0,0,0,0,0,0,0,0,0,0,0,0,0,0,0,0,0,0,0,0,0,0,0,0,0,0,0,0,0,0,0,0,0,0,0,0,0,0,0,0,0,0,0,0,0,0,0,0,0,0,0,0,0,0,0,0,0,0,0,0,0,0.18593856692314148
1,0,0,0,0,7,0,0,64,1,7,1,0,32,3,8,2,2,64,3,7,3,2,32,5,7,4,4,64,5,2,5,4,0,0,0,0,0,0,0,0,0,0,0,0,0,0,0,0,0,0,0,0,0,0,0,0,0,0,0,0,0,0,0,0,0,0,0,0,0,0,0,0,0,0,0,0,0,0,0,0,0,0,0,0,0,0,0,0,0,0,0,0,0,0,0,0,0,0,0,0,0,0,0,0,0,0,0,0,0,0,0,0,0,0,0,0,0,0,0,0,0,0,0,0,0,0,0,0,0,0,0,0,0,0,0,0,0,0,0,0,0,0,0,0,0,0,0,0,0,0.18593856692314148
1,0,0,0,0,4,0,0,0,0,8,1,1,64,1,7,1,0,32,3,8,2,3,128,5,8,4,3,64,3,8,3,4,64,3,6,6,5,0,0,7,7,7,64,5,2,8,7,0,0,0,0,0,0,0,0,0,0,0,0,0,0,0,0,0,0,0,0,0,0,0,0,0,0,0,0,0,0,0,0,0,0,0,0,0,0,0,0,0,0,0,0,0,0,0,0,0,0,0,0,0,0,0,0,0,0,0,0,0,0,0,0,0,0,0,0,0,0,0,0,0,0,0,0,0,0,0,0,0,0,0,0,0,0,0,0,0,0,0,0,0,0,0,0,0,0,0,0,0,0,0.9228668808937073
1,0,0,0,0,7,0,0,32,5,7,1,1,64,5,7,2,2,128,1,7,3,2,128,5,8,4,3,64,5,7,5,4,64,5,2,6,5,0,0,0,0,0,0,0,0,0,0,0,0,0,0,0,0,0,0,0,0,0,0,0,0,0,0,0,0,0,0,0,0,0,0,0,0,0,0,0,0,0,0,0,0,0,0,0,0,0,0,0,0,0,0,0,0,0,0,0,0,0,0,0,0,0,0,0,0,0,0,0,0,0,0,0,0,0,0,0,0,0,0,0,0,0,0,0,0,0,0,0,0,0,0,0,0,0,0,0,0,0,0,0,0,0,0,0,0,0,0,0,0,0.18593856692314148
1,0,0,0,0,7,0,0,64,1,7,1,0,32,3,8,2,2,64,3,7,3,2,32,5,7,4,4,64,5,2,5,4,0,0,0,0,0,0,0,0,0,0,0,0,0,0,0,0,0,0,0,0,0,0,0,0,0,0,0,0,0,0,0,0,0,0,0,0,0,0,0,0,0,0,0,0,0,0,0,0,0,0,0,0,0,0,0,0,0,0,0,0,0,0,0,0,0,0,0,0,0,0,0,0,0,0,0,0,0,0,0,0,0,0,0,0,0,0,0,0,0,0,0,0,0,0,0,0,0,0,0,0,0,0,0,0,0,0,0,0,0,0,0,0,0,0,0,0,0,0.18593856692314148
1,0,0,0,0,4,0,0,0,0,8,1,1,64,1,7,1,0,32,3,8,2,3,128,5,8,4,3,64,3,8,3,4,64,3,6,6,5,0,0,7,7,7,64,5,2,8,7,0,0,0,0,0,0,0,0,0,0,0,0,0,0,0,0,0,0,0,0,0,0,0,0,0,0,0,0,0,0,0,0,0,0,0,0,0,0,0,0,0,0,0,0,0,0,0,0,0,0,0,0,0,0,0,0,0,0,0,0,0,0,0,0,0,0,0,0,0,0,0,0,0,0,0,0,0,0,0,0,0,0,0,0,0,0,0,0,0,0,0,0,0,0,0,0,0,0,0,0,0,0,0.9228668808937073
1,0,0,0,0,4,0,0,0,0,7,1,0,32,3,7,1,1,128,3,7,3,1,64,3,8,2,3,64,3,6,5,4,0,0,7,6,6,64,5,2,7,6,0,0,0,0,0,0,0,0,0,0,0,0,0,0,0,0,0,0,0,0,0,0,0,0,0,0,0,0,0,0,0,0,0,0,0,0,0,0,0,0,0,0,0,0,0,0,0,0,0,0,0,0,0,0,0,0,0,0,0,0,0,0,0,0,0,0,0,0,0,0,0,0,0,0,0,0,0,0,0,0,0,0,0,0,0,0,0,0,0,0,0,0,0,0,0,0,0,0,0,0,0,0,0,0,0,0,0,0.9204095602035522
1,0,0,0,0,4,0,0,0,0,3,0,0,0,0,8,2,0,32,1,8,3,0,64,1,8,4,3,128,1,3,1,3,0,0,7,1,3,128,3,6,5,7,0,0,8,8,8,32,1,6,6,9,0,0,7,10,10,32,3,7,11,10,128,3,7,12,11,64,5,2,13,12,0,0,0,0,0,0,0,0,0,0,0,0,0,0,0,0,0,0,0,0,0,0,0,0,0,0,0,0,0,0,0,0,0,0,0,0,0,0,0,0,0,0,0,0,0,0,0,0,0,0,0,0,0,0,0,0,0,0,0,0,0,0,0,0,0,0,0,0,0,0,0,0,0,0,0,0,0,0.9243686199188232
1,0,0,0,0,4,0,0,0,0,3,0,0,0,0,8,2,0,32,1,8,3,0,64,1,8,4,3,128,1,3,1,3,0,0,7,1,3,128,3,6,5,7,0,0,8,8,8,32,1,6,6,9,0,0,7,10,10,32,3,7,11,10,128,3,7,12,11,64,5,2,13,12,0,0,0,0,0,0,0,0,0,0,0,0,0,0,0,0,0,0,0,0,0,0,0,0,0,0,0,0,0,0,0,0,0,0,0,0,0,0,0,0,0,0,0,0,0,0,0,0,0,0,0,0,0,0,0,0,0,0,0,0,0,0,0,0,0,0,0,0,0,0,0,0,0,0,0,0,0,0.9243686199188232
1,0,0,0,0,7,0,0,32,5,3,0,0,0,0,8,2,0,32,1,4,1,3,0,0,7,3,3,32,3,8,4,3,32,1,7,6,6,128,5,7,7,4,128,5,7,5,6,64,1,5,8,9,0,0,2,10,10,0,0,0,0,0,0,0,0,0,0,0,0,0,0,0,0,0,0,0,0,0,0,0,0,0,0,0,0,0,0,0,0,0,0,0,0,0,0,0,0,0,0,0,0,0,0,0,0,0,0,0,0,0,0,0,0,0,0,0,0,0,0,0,0,0,0,0,0,0,0,0,0,0,0,0,0,0,0,0,0,0,0,0,0,0,0,0,0,0,0,0,0,0.9253242611885071
1,0,0,0,0,4,0,0,0,0,7,0,0,64,5,8,2,0,32,1,8,3,0,64,1,8,4,3,128,1,7,1,3,128,3,6,5,6,0,0,8,7,7,32,1,7,8,3,32,3,7,9,8,128,3,4,10,10,0,0,2,11,11,0,0,0,0,0,0,0,0,0,0,0,0,0,0,0,0,0,0,0,0,0,0,0,0,0,0,0,0,0,0,0,0,0,0,0,0,0,0,0,0,0,0,0,0,0,0,0,0,0,0,0,0,0,0,0,0,0,0,0,0,0,0,0,0,0,0,0,0,0,0,0,0,0,0,0,0,0,0,0,0,0,0,0,0,0,0,0,0.9150853157043457
1,0,0,0,0,7,0,0,32,5,3,0,0,0,0,8,2,0,32,1,4,1,3,0,0,7,3,3,32,3,8,4,3,32,1,7,6,6,128,5,7,7,4,128,5,7,5,6,64,1,5,8,9,0,0,2,10,10,0,0,0,0,0,0,0,0,0,0,0,0,0,0,0,0,0,0,0,0,0,0,0,0,0,0,0,0,0,0,0,0,0,0,0,0,0,0,0,0,0,0,0,0,0,0,0,0,0,0,0,0,0,0,0,0,0,0,0,0,0,0,0,0,0,0,0,0,0,0,0,0,0,0,0,0,0,0,0,0,0,0,0,0,0,0,0,0,0,0,0,0,0.9253242611885071
1,0,0,0,0,7,0,0,32,5,4,0,0,0,0,3,0,0,0,0,8,3,0,32,1,8,4,0,64,1,8,5,4,128,1,3,1,4,0,0,7,2,4,128,3,6,6,8,0,0,8,9,9,32,1,8,8,4,32,1,6,7,10,0,0,5,12,11,0,0,8,13,13,128,1,8,14,14,64,5,2,15,15,0,0,0,0,0,0,0,0,0,0,0,0,0,0,0,0,0,0,0,0,0,0,0,0,0,0,0,0,0,0,0,0,0,0,0,0,0,0,0,0,0,0,0,0,0,0,0,0,0,0,0,0,0,0,0,0,0,0,0,0,0,0,0,0,0,0,0,0.9246416091918945
1,0,0,0,0,4,0,0,0,0,3,0,0,0,0,8,2,0,32,1,8,3,0,64,1,8,4,3,128,1,7,1,3,128,3,6,5,6,0,0,8,7,7,32,1,7,8,3,32,3,7,9,8,128,3,4,10,10,0,0,2,11,11,0,0,0,0,0,0,0,0,0,0,0,0,0,0,0,0,0,0,0,0,0,0,0,0,0,0,0,0,0,0,0,0,0,0,0,0,0,0,0,0,0,0,0,0,0,0,0,0,0,0,0,0,0,0,0,0,0,0,0,0,0,0,0,0,0,0,0,0,0,0,0,0,0,0,0,0,0,0,0,0,0,0,0,0,0,0,0,0.9075767993927002
1,0,0,0,0,7,0,0,32,5,3,0,0,0,0,8,2,0,32,1,4,1,3,0,0,7,3,3,32,3,8,4,3,32,1,7,6,6,128,5,7,7,4,128,5,7,5,6,64,1,5,8,9,0,0,2,10,10,0,0,0,0,0,0,0,0,0,0,0,0,0,0,0,0,0,0,0,0,0,0,0,0,0,0,0,0,0,0,0,0,0,0,0,0,0,0,0,0,0,0,0,0,0,0,0,0,0,0,0,0,0,0,0,0,0,0,0,0,0,0,0,0,0,0,0,0,0,0,0,0,0,0,0,0,0,0,0,0,0,0,0,0,0,0,0,0,0,0,0,0,0.9253242611885071
1,0,0,0,0,4,0,0,0,0,7,0,0,128,3,4,2,2,0,0,4,1,3,0,0,8,4,4,128,5,7,5,5,128,5,7,3,3,128,5,7,6,6,128,1,8,7,3,32,1,7,9,7,128,5,7,10,9,128,5,7,8,9,64,3,5,11,12,0,0,2,13,13,0,0,0,0,0,0,0,0,0,0,0,0,0,0,0,0,0,0,0,0,0,0,0,0,0,0,0,0,0,0,0,0,0,0,0,0,0,0,0,0,0,0,0,0,0,0,0,0,0,0,0,0,0,0,0,0,0,0,0,0,0,0,0,0,0,0,0,0,0,0,0,0,0,0,0,0,0,0.9322866797447205
1,0,0,0,0,7,0,0,128,5,4,0,0,0,0,7,2,2,32,3,4,1,2,0,0,8,3,4,64,3,7,5,3,32,3,8,4,2,32,1,7,7,7,128,5,7,8,4,128,5,7,6,7,64,1,5,9,10,0,0,2,11,11,0,0,0,0,0,0,0,0,0,0,0,0,0,0,0,0,0,0,0,0,0,0,0,0,0,0,0,0,0,0,0,0,0,0,0,0,0,0,0,0,0,0,0,0,0,0,0,0,0,0,0,0,0,0,0,0,0,0,0,0,0,0,0,0,0,0,0,0,0,0,0,0,0,0,0,0,0,0,0,0,0,0,0,0,0,0,0,0.9119454026222229
1,0,0,0,0,4,0,0,0,0,7,0,0,128,3,4,2,2,0,0,4,1,3,0,0,8,4,4,128,5,7,5,5,128,5,7,3,3,128,5,7,6,6,128,1,8,7,3,32,1,7,9,7,128,5,7,10,9,128,5,7,8,9,64,3,5,11,12,0,0,2,13,13,0,0,0,0,0,0,0,0,0,0,0,0,0,0,0,0,0,0,0,0,0,0,0,0,0,0,0,0,0,0,0,0,0,0,0,0,0,0,0,0,0,0,0,0,0,0,0,0,0,0,0,0,0,0,0,0,0,0,0,0,0,0,0,0,0,0,0,0,0,0,0,0,0,0,0,0,0,0.9322866797447205
1,0,0,0,0,5,0,0,0,0,4,0,0,0,0,8,1,2,128,1,7,2,2,128,3,6,3,4,0,0,7,5,5,64,5,8,4,3,32,1,6,6,6,0,0,5,8,7,0,0,8,9,9,128,1,8,10,10,64,5,2,11,11,0,0,0,0,0,0,0,0,0,0,0,0,0,0,0,0,0,0,0,0,0,0,0,0,0,0,0,0,0,0,0,0,0,0,0,0,0,0,0,0,0,0,0,0,0,0,0,0,0,0,0,0,0,0,0,0,0,0,0,0,0,0,0,0,0,0,0,0,0,0,0,0,0,0,0,0,0,0,0,0,0,0,0,0,0,0,0,0.9216382503509521
1,0,0,0,0,5,0,0,0,0,4,0,0,0,0,8,1,2,128,1,7,2,2,128,3,6,3,4,0,0,7,5,5,64,5,8,6,2,32,1,8,7,6,32,1,4,8,8,0,0,2,9,9,0,0,0,0,0,0,0,0,0,0,0,0,0,0,0,0,0,0,0,0,0,0,0,0,0,0,0,0,0,0,0,0,0,0,0,0,0,0,0,0,0,0,0,0,0,0,0,0,0,0,0,0,0,0,0,0,0,0,0,0,0,0,0,0,0,0,0,0,0,0,0,0,0,0,0,0,0,0,0,0,0,0,0,0,0,0,0,0,0,0,0,0,0,0,0,0,0,0.8926962614059448
1,0,0,0,0,4,0,0,0,0,7,0,0,128,3,4,2,2,0,0,4,1,3,0,0,8,4,4,128,5,7,5,5,128,5,7,3,3,128,5,7,6,6,128,1,8,7,3,32,1,7,9,7,128,5,7,10,9,128,5,7,8,8,64,3,5,11,12,0,0,2,13,13,0,0,0,0,0,0,0,0,0,0,0,0,0,0,0,0,0,0,0,0,0,0,0,0,0,0,0,0,0,0,0,0,0,0,0,0,0,0,0,0,0,0,0,0,0,0,0,0,0,0,0,0,0,0,0,0,0,0,0,0,0,0,0,0,0,0,0,0,0,0,0,0,0,0,0,0,0,0.9322866797447205
1,0,0,0,0,7,0,0,32,5,4,0,0,0,0,3,1,2,0,0,5,2,3,0,0,8,4,4,128,5,7,5,4,32,5,8,6,5,64,3,7,7,5,64,5,7,8,6,64,3,5,8,9,0,0,2,10,10,0,0,0,0,0,0,0,0,0,0,0,0,0,0,0,0,0,0,0,0,0,0,0,0,0,0,0,0,0,0,0,0,0,0,0,0,0,0,0,0,0,0,0,0,0,0,0,0,0,0,0,0,0,0,0,0,0,0,0,0,0,0,0,0,0,0,0,0,0,0,0,0,0,0,0,0,0,0,0,0,0,0,0,0,0,0,0,0,0,0,0,0,0.18593856692314148
1,0,0,0,0,7,0,0,32,5,4,0,0,0,0,7,1,2,32,1,7,2,2,32,3,7,2,2,128,3,6,4,5,0,0,8,3,2,128,5,7,6,6,128,5,8,7,7,64,1,7,8,3,64,1,7,10,8,128,5,7,11,10,128,5,7,9,11,64,1,5,12,13,0,0,2,14,14,0,0,0,0,0,0,0,0,0,0,0,0,0,0,0,0,0,0,0,0,0,0,0,0,0,0,0,0,0,0,0,0,0,0,0,0,0,0,0,0,0,0,0,0,0,0,0,0,0,0,0,0,0,0,0,0,0,0,0,0,0,0,0,0,0,0,0,0,0,0,0,0,0.18593856692314148
1,0,0,0,0,4,0,0,0,0,7,0,0,128,3,4,2,2,0,0,4,1,3,0,0,8,4,4,128,5,7,5,5,128,5,7,3,3,128,5,7,6,6,128,1,8,7,3,32,1,7,9,7,128,5,7,10,9,128,5,7,8,8,64,3,5,11,12,0,0,2,13,13,0,0,0,0,0,0,0,0,0,0,0,0,0,0,0,0,0,0,0,0,0,0,0,0,0,0,0,0,0,0,0,0,0,0,0,0,0,0,0,0,0,0,0,0,0,0,0,0,0,0,0,0,0,0,0,0,0,0,0,0,0,0,0,0,0,0,0,0,0,0,0,0,0,0,0,0,0,0.9322866797447205
1,0,0,0,0,7,0,0,32,5,7,0,0,128,3,4,2,0,0,0,7,3,3,128,5,7,1,3,128,1,8,4,2,32,1,4,6,4,0,0,7,7,4,128,5,6,5,8,0,0,7,9,8,128,1,2,10,10,0,0,0,0,0,0,0,0,0,0,0,0,0,0,0,0,0,0,0,0,0,0,0,0,0,0,0,0,0,0,0,0,0,0,0,0,0,0,0,0,0,0,0,0,0,0,0,0,0,0,0,0,0,0,0,0,0,0,0,0,0,0,0,0,0,0,0,0,0,0,0,0,0,0,0,0,0,0,0,0,0,0,0,0,0,0,0,0,0,0,0,0,0.0
1,0,0,0,0,4,0,0,0,0,7,0,0,128,3,8,2,0,32,1,4,2,2,0,0,7,1,4,32,3,8,3,0,32,1,7,0,2,32,5,6,6,7,0,0,4,1,7,0,0,8,9,9,128,5,7,10,10,128,5,7,4,8,128,5,7,11,11,128,1,6,8,5,0,0,8,14,9,128,3,8,12,4,32,1,7,16,12,128,5,7,17,16,128,5,5,13,15,0,0,5,18,19,0,0,2,20,20,0,0,0,0,0,0,0,0,0,0,0,0,0,0,0,0,0,0,0,0,0,0,0,0,0,0,0,0,0,0,0,0,0,0,0,0,0,0,0,0,0,0,0.9103071689605713
1,0,0,0,0,4,0,0,0,0,7,0,0,128,3,4,2,2,0,0,4,1,3,0,0,8,4,3,128,5,7,5,3,128,5,7,3,3,128,5,7,6,6,128,1,8,7,3,32,1,7,9,7,128,5,7,10,9,128,5,7,8,8,64,3,5,11,12,0,0,2,13,13,0,0,0,0,0,0,0,0,0,0,0,0,0,0,0,0,0,0,0,0,0,0,0,0,0,0,0,0,0,0,0,0,0,0,0,0,0,0,0,0,0,0,0,0,0,0,0,0,0,0,0,0,0,0,0,0,0,0,0,0,0,0,0,0,0,0,0,0,0,0,0,0,0,0,0,0,0,0.9322866797447205
1,0,0,0,0,4,0,0,0,0,7,0,0,32,5,7,0,0,128,3,8,3,0,128,1,7,2,3,128,3,8,5,5,32,1,8,4,0,32,1,7,1,7,128,3,5,7,6,0,0,7,9,9,128,5,8,8,3,32,1,7,2,7,32,3,7,10,10,128,1,5,11,12,0,0,7,14,14,128,5,7,15,13,128,5,7,13,13,64,3,5,16,17,0,0,2,18,18,0,0,0,0,0,0,0,0,0,0,0,0,0,0,0,0,0,0,0,0,0,0,0,0,0,0,0,0,0,0,0,0,0,0,0,0,0,0,0,0,0,0,0,0,0,0,0,0,0,0,0,0,0.9243686199188232
1,0,0,0,0,7,0,0,32,5,4,0,0,0,0,7,0,0,128,3,8,3,0,32,1,7,1,3,128,3,8,5,4,32,1,7,2,5,32,3,7,4,5,128,3,8,8,7,32,1,6,6,7,0,0,8,10,4,128,3,5,9,9,0,0,7,11,9,64,3,7,12,12,128,1,8,14,10,128,3,8,13,15,128,1,7,15,10,64,3,7,16,10,64,3,5,17,18,0,0,2,19,19,0,0,0,0,0,0,0,0,0,0,0,0,0,0,0,0,0,0,0,0,0,0,0,0,0,0,0,0,0,0,0,0,0,0,0,0,0,0,0,0,0,0,0,0,0,0,0,0.9322866797447205
1,0,0,0,0,4,0,0,0,0,7,0,0,128,3,4,2,2,0,0,4,1,3,0,0,8,4,3,128,5,7,5,3,128,5,7,3,3,128,5,7,6,6,128,1,8,7,3,32,1,7,9,9,128,5,7,10,9,128,5,7,8,8,64,3,5,11,12,0,0,2,13,13,0,0,0,0,0,0,0,0,0,0,0,0,0,0,0,0,0,0,0,0,0,0,0,0,0,0,0,0,0,0,0,0,0,0,0,0,0,0,0,0,0,0,0,0,0,0,0,0,0,0,0,0,0,0,0,0,0,0,0,0,0,0,0,0,0,0,0,0,0,0,0,0,0,0,0,0,0,0.9322866797447205
1,0,0,0,0,7,0,0,128,3,4,1,1,0,0,7,0,0,64,1,7,2,3,128,5,8,4,4,32,1,4,3,4,0,0,8,5,6,128,3,7,7,5,32,1,5,8,6,0,0,2,9,9,0,0,0,0,0,0,0,0,0,0,0,0,0,0,0,0,0,0,0,0,0,0,0,0,0,0,0,0,0,0,0,0,0,0,0,0,0,0,0,0,0,0,0,0,0,0,0,0,0,0,0,0,0,0,0,0,0,0,0,0,0,0,0,0,0,0,0,0,0,0,0,0,0,0,0,0,0,0,0,0,0,0,0,0,0,0,0,0,0,0,0,0,0,0,0,0,0,0.9249146580696106
1,0,0,0,0,7,0,0,32,5,7,0,0,128,3,4,2,2,0,0,7,3,3,128,5,8,1,4,64,1,8,4,3,32,1,7,6,6,128,5,7,7,6,128,5,7,5,4,64,3,5,8,9,0,0,2,10,10,0,0,0,0,0,0,0,0,0,0,0,0,0,0,0,0,0,0,0,0,0,0,0,0,0,0,0,0,0,0,0,0,0,0,0,0,0,0,0,0,0,0,0,0,0,0,0,0,0,0,0,0,0,0,0,0,0,0,0,0,0,0,0,0,0,0,0,0,0,0,0,0,0,0,0,0,0,0,0,0,0,0,0,0,0,0,0,0,0,0,0,0,0.8610239028930664
1,0,0,0,0,4,0,0,0,0,7,0,0,128,3,4,2,2,0,0,4,1,3,0,0,8,4,3,128,5,7,5,3,128,5,7,3,3,128,5,7,6,6,128,1,8,7,3,32,1,7,9,9,128,5,7,10,9,128,5,7,8,8,64,3,5,11,12,0,0,2,13,13,0,0,0,0,0,0,0,0,0,0,0,0,0,0,0,0,0,0,0,0,0,0,0,0,0,0,0,0,0,0,0,0,0,0,0,0,0,0,0,0,0,0,0,0,0,0,0,0,0,0,0,0,0,0,0,0,0,0,0,0,0,0,0,0,0,0,0,0,0,0,0,0,0,0,0,0,0,0.9322866797447205
1,0,0,0,0,4,0,0,0,0,4,1,1,0,0,8,2,1,128,5,7,3,1,128,5,7,4,4,128,1,8,2,5,128,1,7,5,5,32,3,5,6,7,0,0,2,8,8,0,0,0,0,0,0,0,0,0,0,0,0,0,0,0,0,0,0,0,0,0,0,0,0,0,0,0,0,0,0,0,0,0,0,0,0,0,0,0,0,0,0,0,0,0,0,0,0,0,0,0,0,0,0,0,0,0,0,0,0,0,0,0,0,0,0,0,0,0,0,0,0,0,0,0,0,0,0,0,0,0,0,0,0,0,0,0,0,0,0,0,0,0,0,0,0,0,0,0,0,0,0,0.8555631637573242
1,0,0,0,0,4,0,0,0,0,4,1,1,0,0,7,2,1,32,5,7,3,3,128,1,7,2,4,128,3,7,4,3,64,3,8,5,5,32,5,5,7,6,0,0,2,8,8,0,0,0,0,0,0,0,0,0,0,0,0,0,0,0,0,0,0,0,0,0,0,0,0,0,0,0,0,0,0,0,0,0,0,0,0,0,0,0,0,0,0,0,0,0,0,0,0,0,0,0,0,0,0,0,0,0,0,0,0,0,0,0,0,0,0,0,0,0,0,0,0,0,0,0,0,0,0,0,0,0,0,0,0,0,0,0,0,0,0,0,0,0,0,0,0,0,0,0,0,0,0,0.8260750770568848
1,0,0,0,0,4,0,0,0,0,7,0,0,128,3,4,2,2,0,0,4,1,3,0,0,8,4,3,128,5,7,5,3,128,5,7,3,3,128,5,7,6,6,128,1,8,7,8,32,1,7,9,4,128,5,7,10,9,128,5,7,8,8,64,3,5,11,12,0,0,2,13,13,0,0,0,0,0,0,0,0,0,0,0,0,0,0,0,0,0,0,0,0,0,0,0,0,0,0,0,0,0,0,0,0,0,0,0,0,0,0,0,0,0,0,0,0,0,0,0,0,0,0,0,0,0,0,0,0,0,0,0,0,0,0,0,0,0,0,0,0,0,0,0,0,0,0,0,0,0,0.9322866797447205
1,0,0,0,0,4,0,0,0,0,7,0,0,128,3,8,2,0,32,1,4,1,3,0,0,8,4,3,128,5,7,5,3,128,5,7,6,6,128,1,7,3,3,128,1,7,7,7,64,3,7,8,7,32,3,5,10,9,0,0,2,11,11,0,0,0,0,0,0,0,0,0,0,0,0,0,0,0,0,0,0,0,0,0,0,0,0,0,0,0,0,0,0,0,0,0,0,0,0,0,0,0,0,0,0,0,0,0,0,0,0,0,0,0,0,0,0,0,0,0,0,0,0,0,0,0,0,0,0,0,0,0,0,0,0,0,0,0,0,0,0,0,0,0,0,0,0,0,0,0,0.0
1,0,0,0,0,7,0,0,32,5,8,1,1,128,1,7,2,2,32,5,8,1,3,128,5,7,4,1,128,5,7,5,5,128,1,8,3,6,32,1,7,7,3,128,5,7,8,7,128,5,7,6,6,64,3,5,9,10,0,0,2,11,11,0,0,0,0,0,0,0,0,0,0,0,0,0,0,0,0,0,0,0,0,0,0,0,0,0,0,0,0,0,0,0,0,0,0,0,0,0,0,0,0,0,0,0,0,0,0,0,0,0,0,0,0,0,0,0,0,0,0,0,0,0,0,0,0,0,0,0,0,0,0,0,0,0,0,0,0,0,0,0,0,0,0,0,0,0,0,0,0.18593856692314148
1,0,0,0,0,4,0,0,0,0,7,0,0,128,3,4,2,2,0,0,4,1,3,0,0,8,4,3,128,5,7,5,3,128,5,7,3,3,128,5,7,6,6,128,1,8,7,8,32,1,7,9,4,128,5,7,10,9,128,5,7,8,8,64,3,5,11,12,0,0,2,13,13,0,0,0,0,0,0,0,0,0,0,0,0,0,0,0,0,0,0,0,0,0,0,0,0,0,0,0,0,0,0,0,0,0,0,0,0,0,0,0,0,0,0,0,0,0,0,0,0,0,0,0,0,0,0,0,0,0,0,0,0,0,0,0,0,0,0,0,0,0,0,0,0,0,0,0,0,0,0.9322866797447205
1,0,0,0,0,8,0,0,64,3,7,0,0,128,3,4,2,2,0,0,7,1,2,128,3,7,4,4,128,5,7,3,4,128,5,7,5,5,128,1,8,6,7,32,1,7,8,4,128,5,7,9,8,128,5,7,7,7,64,3,5,10,11,0,0,2,12,12,0,0,0,0,0,0,0,0,0,0,0,0,0,0,0,0,0,0,0,0,0,0,0,0,0,0,0,0,0,0,0,0,0,0,0,0,0,0,0,0,0,0,0,0,0,0,0,0,0,0,0,0,0,0,0,0,0,0,0,0,0,0,0,0,0,0,0,0,0,0,0,0,0,0,0,0,0,0,0,0,0,0,0.9295563101768494
1,0,0,0,0,7,0,0,32,5,7,0,0,32,5,7,0,0,128,3,8,3,0,128,1,7,2,3,128,3,8,5,5,32,1,8,4,0,128,3,7,1,7,128,3,5,7,6,0,0,7,9,9,128,5,4,8,3,0,0,7,10,10,128,1,8,11,11,64,3,7,13,13,128,5,7,14,12,128,5,7,12,12,64,3,5,15,16,0,0,2,17,17,0,0,0,0,0,0,0,0,0,0,0,0,0,0,0,0,0,0,0,0,0,0,0,0,0,0,0,0,0,0,0,0,0,0,0,0,0,0,0,0,0,0,0,0,0,0,0,0,0,0,0,0,0,0,0,0,0,0.18593856692314148
1,0,0,0,0,4,0,0,0,0,7,0,0,128,3,4,2,2,0,0,4,1,3,0,0,8,4,3,128,5,7,5,3,128,5,7,3,3,128,5,7,6,6,128,1,8,7,8,32,1,7,9,4,128,5,7,10,9,128,5,7,8,8,64,3,5,11,12,0,0,2,13,13,0,0,0,0,0,0,0,0,0,0,0,0,0,0,0,0,0,0,0,0,0,0,0,0,0,0,0,0,0,0,0,0,0,0,0,0,0,0,0,0,0,0,0,0,0,0,0,0,0,0,0,0,0,0,0,0,0,0,0,0,0,0,0,0,0,0,0,0,0,0,0,0,0,0,0,0,0,0.9322866797447205
1,0,0,0,0,7,0,0,32,5,4,0,0,0,0,4,2,2,0,0,8,3,2,128,5,7,4,2,128,5,7,5,0,64,5,7,1,2,128,1,6,7,6,0,0,7,8,7,128,1,2,9,9,0,0,0,0,0,0,0,0,0,0,0,0,0,0,0,0,0,0,0,0,0,0,0,0,0,0,0,0,0,0,0,0,0,0,0,0,0,0,0,0,0,0,0,0,0,0,0,0,0,0,0,0,0,0,0,0,0,0,0,0,0,0,0,0,0,0,0,0,0,0,0,0,0,0,0,0,0,0,0,0,0,0,0,0,0,0,0,0,0,0,0,0,0,0,0,0,0,0.0
1,0,0,0,0,4,0,0,0,0,7,0,0,128,3,4,2,2,0,0,4,1,3,0,0,8,4,3,128,5,7,5,3,128,5,7,3,3,128,5,7,6,6,128,1,8,7,8,32,1,7,9,4,128,5,7,10,9,128,5,8,8,8,64,5,5,11,12,0,0,2,13,13,0,0,0,0,0,0,0,0,0,0,0,0,0,0,0,0,0,0,0,0,0,0,0,0,0,0,0,0,0,0,0,0,0,0,0,0,0,0,0,0,0,0,0,0,0,0,0,0,0,0,0,0,0,0,0,0,0,0,0,0,0,0,0,0,0,0,0,0,0,0,0,0,0,0,0,0,0,0.9307850003242493
1,0,0,0,0,4,0,0,0,0,7,0,0,128,3,4,2,2,0,0,4,1,3,0,0,8,4,4,128,5,7,5,3,128,5,7,3,3,128,5,7,6,6,128,1,8,7,8,32,1,7,9,4,128,5,7,10,9,128,5,7,8,8,64,3,5,11,12,0,0,2,13,13,0,0,0,0,0,0,0,0,0,0,0,0,0,0,0,0,0,0,0,0,0,0,0,0,0,0,0,0,0,0,0,0,0,0,0,0,0,0,0,0,0,0,0,0,0,0,0,0,0,0,0,0,0,0,0,0,0,0,0,0,0,0,0,0,0,0,0,0,0,0,0,0,0,0,0,0,0,0.9322866797447205
1,0,0,0,0,7,0,0,32,5,7,1,1,128,3,4,2,1,0,0,7,1,1,128,1,8,3,3,64,3,7,5,2,64,5,6,4,6,0,0,7,7,6,128,1,2,8,8,0,0,0,0,0,0,0,0,0,0,0,0,0,0,0,0,0,0,0,0,0,0,0,0,0,0,0,0,0,0,0,0,0,0,0,0,0,0,0,0,0,0,0,0,0,0,0,0,0,0,0,0,0,0,0,0,0,0,0,0,0,0,0,0,0,0,0,0,0,0,0,0,0,0,0,0,0,0,0,0,0,0,0,0,0,0,0,0,0,0,0,0,0,0,0,0,0,0,0,0,0,0,0.9277815818786621
1,0,0,0,0,5,0,0,0,0,3,0,0,0,0,4,2,2,0,0,8,1,3,128,1,8,4,4,128,5,8,5,5,128,5,7,6,2,128,5,7,3,4,128,5,7,7,7,128,1,8,8,9,32,1,4,10,5,0,0,7,11,10,128,5,7,9,9,64,3,5,12,13,0,0,2,14,14,0,0,0,0,0,0,0,0,0,0,0,0,0,0,0,0,0,0,0,0,0,0,0,0,0,0,0,0,0,0,0,0,0,0,0,0,0,0,0,0,0,0,0,0,0,0,0,0,0,0,0,0,0,0,0,0,0,0,0,0,0,0,0,0,0,0,0,0,0,0,0,0,0.0
1,0,0,0,0,4,0,0,0,0,7,0,0,128,3,4,2,2,0,0,4,1,3,0,0,8,4,4,128,5,7,5,3,128,5,7,3,3,128,5,7,6,6,128,1,8,7,8,32,1,7,9,4,128,5,7,10,9,128,5,7,8,8,64,3,5,11,12,0,0,2,13,13,0,0,0,0,0,0,0,0,0,0,0,0,0,0,0,0,0,0,0,0,0,0,0,0,0,0,0,0,0,0,0,0,0,0,0,0,0,0,0,0,0,0,0,0,0,0,0,0,0,0,0,0,0,0,0,0,0,0,0,0,0,0,0,0,0,0,0,0,0,0,0,0,0,0,0,0,0,0.9322866797447205
1,0,0,0,0,7,0,0,32,5,4,0,0,0,0,7,1,2,128,3,8,3,3,32,1,3,1,2,0,0,5,2,5,0,0,8,6,6,128,5,7,7,3,32,3,7,4,4,32,3,8,9,2,128,1,8,8,7,64,5,6,11,10,0,0,7,12,9,64,3,5,12,13,0,0,2,14,14,0,0,0,0,0,0,0,0,0,0,0,0,0,0,0,0,0,0,0,0,0,0,0,0,0,0,0,0,0,0,0,0,0,0,0,0,0,0,0,0,0,0,0,0,0,0,0,0,0,0,0,0,0,0,0,0,0,0,0,0,0,0,0,0,0,0,0,0,0,0,0,0,0.9333788156509399
1,0,0,0,0,7,0,0,32,5,4,0,0,0,0,3,1,2,0,0,8,3,3,32,1,8,2,2,32,1,8,5,5,128,5,4,2,5,0,0,7,6,5,128,5,7,4,5,32,3,8,9,2,128,1,7,8,9,64,1,6,7,10,0,0,7,11,7,128,5,7,13,11,128,5,8,12,12,32,1,5,14,15,0,0,2,16,16,0,0,0,0,0,0,0,0,0,0,0,0,0,0,0,0,0,0,0,0,0,0,0,0,0,0,0,0,0,0,0,0,0,0,0,0,0,0,0,0,0,0,0,0,0,0,0,0,0,0,0,0,0,0,0,0,0,0,0,0,0,0,0.8884641528129578
1,0,0,0,0,7,0,0,32,5,4,0,0,0,0,7,1,2,128,3,8,3,3,32,1,3,1,2,0,0,5,2,5,0,0,8,6,6,128,5,7,7,3,32,3,7,4,4,32,3,8,9,2,128,1,8,8,7,64,5,6,11,10,0,0,7,12,9,64,3,5,12,13,0,0,2,14,14,0,0,0,0,0,0,0,0,0,0,0,0,0,0,0,0,0,0,0,0,0,0,0,0,0,0,0,0,0,0,0,0,0,0,0,0,0,0,0,0,0,0,0,0,0,0,0,0,0,0,0,0,0,0,0,0,0,0,0,0,0,0,0,0,0,0,0,0,0,0,0,0,0.9333788156509399
1,0,0,0,0,7,0,0,32,5,3,1,1,0,0,6,2,2,0,0,8,3,3,32,5,8,4,4,64,3,2,5,5,0,0,0,0,0,0,0,0,0,0,0,0,0,0,0,0,0,0,0,0,0,0,0,0,0,0,0,0,0,0,0,0,0,0,0,0,0,0,0,0,0,0,0,0,0,0,0,0,0,0,0,0,0,0,0,0,0,0,0,0,0,0,0,0,0,0,0,0,0,0,0,0,0,0,0,0,0,0,0,0,0,0,0,0,0,0,0,0,0,0,0,0,0,0,0,0,0,0,0,0,0,0,0,0,0,0,0,0,0,0,0,0,0,0,0,0,0,0.9225938320159912
1,0,0,0,0,7,0,0,32,5,4,0,0,0,0,3,1,2,0,0,5,2,3,0,0,7,4,4,128,3,7,5,4,128,3,2,6,6,0,0,0,0,0,0,0,0,0,0,0,0,0,0,0,0,0,0,0,0,0,0,0,0,0,0,0,0,0,0,0,0,0,0,0,0,0,0,0,0,0,0,0,0,0,0,0,0,0,0,0,0,0,0,0,0,0,0,0,0,0,0,0,0,0,0,0,0,0,0,0,0,0,0,0,0,0,0,0,0,0,0,0,0,0,0,0,0,0,0,0,0,0,0,0,0,0,0,0,0,0,0,0,0,0,0,0,0,0,0,0,0,0.9063481092453003
1,0,0,0,0,7,0,0,32,5,4,0,0,0,0,7,1,2,128,3,8,3,3,32,1,3,1,2,0,0,5,2,5,0,0,8,6,6,128,5,7,7,3,32,3,7,4,4,32,3,8,9,2,128,1,8,8,7,64,5,6,11,10,0,0,7,12,9,64,3,5,12,13,0,0,2,14,14,0,0,0,0,0,0,0,0,0,0,0,0,0,0,0,0,0,0,0,0,0,0,0,0,0,0,0,0,0,0,0,0,0,0,0,0,0,0,0,0,0,0,0,0,0,0,0,0,0,0,0,0,0,0,0,0,0,0,0,0,0,0,0,0,0,0,0,0,0,0,0,0,0.9333788156509399
1,0,0,0,0,7,0,0,32,5,4,0,0,0,0,7,0,0,128,3,7,3,3,128,3,3,1,3,0,0,5,2,5,0,0,7,4,4,64,5,8,6,6,128,5,7,8,4,32,3,8,9,8,64,5,6,10,7,0,0,7,11,9,64,3,6,11,11,0,0,5,13,12,0,0,2,14,14,0,0,0,0,0,0,0,0,0,0,0,0,0,0,0,0,0,0,0,0,0,0,0,0,0,0,0,0,0,0,0,0,0,0,0,0,0,0,0,0,0,0,0,0,0,0,0,0,0,0,0,0,0,0,0,0,0,0,0,0,0,0,0,0,0,0,0,0,0,0,0,0,0.8851876854896545
1,0,0,0,0,7,0,0,32,5,7,0,0,128,3,7,2,0,32,5,8,1,3,128,5,7,4,3,128,5,7,3,5,128,1,8,6,3,128,1,8,5,4,64,5,6,8,7,0,0,7,9,5,64,3,5,9,10,0,0,2,11,11,0,0,0,0,0,0,0,0,0,0,0,0,0,0,0,0,0,0,0,0,0,0,0,0,0,0,0,0,0,0,0,0,0,0,0,0,0,0,0,0,0,0,0,0,0,0,0,0,0,0,0,0,0,0,0,0,0,0,0,0,0,0,0,0,0,0,0,0,0,0,0,0,0,0,0,0,0,0,0,0,0,0,0,0,0,0,0,0.18593856692314148
1,0,0,0,0,7,0,0,32,5,4,0,0,0,0,7,1,2,128,3,8,3,3,32,1,3,1,2,0,0,5,2,5,0,0,8,6,6,128,5,7,7,3,32,3,7,4,4,32,3,8,9,2,128,1,8,8,7,64,5,6,11,10,0,0,7,12,9,64,3,5,12,13,0,0,2,14,14,0,0,0,0,0,0,0,0,0,0,0,0,0,0,0,0,0,0,0,0,0,0,0,0,0,0,0,0,0,0,0,0,0,0,0,0,0,0,0,0,0,0,0,0,0,0,0,0,0,0,0,0,0,0,0,0,0,0,0,0,0,0,0,0,0,0,0,0,0,0,0,0,0.9333788156509399
1,0,0,0,0,7,0,0,32,5,4,1,1,0,0,8,2,2,128,5,8,3,3,64,5,8,4,3,128,1,7,5,3,32,3,5,5,6,0,0,2,7,7,0,0,0,0,0,0,0,0,0,0,0,0,0,0,0,0,0,0,0,0,0,0,0,0,0,0,0,0,0,0,0,0,0,0,0,0,0,0,0,0,0,0,0,0,0,0,0,0,0,0,0,0,0,0,0,0,0,0,0,0,0,0,0,0,0,0,0,0,0,0,0,0,0,0,0,0,0,0,0,0,0,0,0,0,0,0,0,0,0,0,0,0,0,0,0,0,0,0,0,0,0,0,0,0,0,0,0,0.9332423210144043
1,0,0,0,0,7,0,0,32,5,7,0,0,128,3,4,2,1,0,0,7,3,3,64,5,8,1,4,128,5,7,5,3,128,3,7,4,0,32,3,8,6,5,64,5,6,8,7,0,0,7,9,7,64,3,5,9,10,0,0,2,11,11,0,0,0,0,0,0,0,0,0,0,0,0,0,0,0,0,0,0,0,0,0,0,0,0,0,0,0,0,0,0,0,0,0,0,0,0,0,0,0,0,0,0,0,0,0,0,0,0,0,0,0,0,0,0,0,0,0,0,0,0,0,0,0,0,0,0,0,0,0,0,0,0,0,0,0,0,0,0,0,0,0,0,0,0,0,0,0,0.9026620984077454
1,0,0,0,0,7,0,0,32,5,4,0,0,0,0,7,1,2,128,3,8,3,3,32,1,3,1,2,0,0,5,2,5,0,0,8,6,6,128,5,7,7,7,32,3,7,4,4,32,3,8,9,9,128,1,8,8,7,64,5,6,11,10,0,0,7,12,9,64,3,5,12,13,0,0,2,14,14,0,0,0,0,0,0,0,0,0,0,0,0,0,0,0,0,0,0,0,0,0,0,0,0,0,0,0,0,0,0,0,0,0,0,0,0,0,0,0,0,0,0,0,0,0,0,0,0,0,0,0,0,0,0,0,0,0,0,0,0,0,0,0,0,0,0,0,0,0,0,0,0,0.9333788156509399
1,0,0,0,0,5,0,0,0,0,7,0,0,32,5,7,2,2,128,3,8,3,3,32,1,7,1,4,64,1,8,5,5,128,5,7,6,5,64,5,7,4,4,32,3,8,8,8,128,1,8,7,5,64,5,6,10,9,0,0,7,11,8,64,3,5,11,12,0,0,2,13,13,0,0,0,0,0,0,0,0,0,0,0,0,0,0,0,0,0,0,0,0,0,0,0,0,0,0,0,0,0,0,0,0,0,0,0,0,0,0,0,0,0,0,0,0,0,0,0,0,0,0,0,0,0,0,0,0,0,0,0,0,0,0,0,0,0,0,0,0,0,0,0,0,0,0,0,0,0,0.18593856692314148
1,0,0,0,0,7,0,0,32,5,7,1,1,64,5,7,2,2,64,5,8,1,3,128,5,7,4,4,128,3,7,3,0,32,3,8,5,4,64,5,6,7,6,0,0,7,8,6,64,3,5,8,9,0,0,2,10,10,0,0,0,0,0,0,0,0,0,0,0,0,0,0,0,0,0,0,0,0,0,0,0,0,0,0,0,0,0,0,0,0,0,0,0,0,0,0,0,0,0,0,0,0,0,0,0,0,0,0,0,0,0,0,0,0,0,0,0,0,0,0,0,0,0,0,0,0,0,0,0,0,0,0,0,0,0,0,0,0,0,0,0,0,0,0,0,0,0,0,0,0,0.18593856692314148
1,0,0,0,0,7,0,0,32,5,4,0,0,0,0,7,1,2,128,3,8,3,3,32,1,3,1,2,0,0,5,2,5,0,0,8,6,6,128,5,7,7,7,32,3,7,4,4,32,3,8,9,9,128,1,8,8,7,64,5,6,11,10,0,0,7,12,9,64,3,5,12,13,0,0,2,14,14,0,0,0,0,0,0,0,0,0,0,0,0,0,0,0,0,0,0,0,0,0,0,0,0,0,0,0,0,0,0,0,0,0,0,0,0,0,0,0,0,0,0,0,0,0,0,0,0,0,0,0,0,0,0,0,0,0,0,0,0,0,0,0,0,0,0,0,0,0,0,0,0,0.9333788156509399
1,0,0,0,0,5,0,0,0,0,7,0,0,32,5,7,2,2,128,3,8,3,3,32,1,7,1,4,64,1,8,5,5,128,5,7,6,5,64,5,7,4,4,32,3,8,8,8,128,1,8,7,5,64,5,6,10,9,0,0,7,11,8,64,3,5,11,12,0,0,2,13,13,0,0,0,0,0,0,0,0,0,0,0,0,0,0,0,0,0,0,0,0,0,0,0,0,0,0,0,0,0,0,0,0,0,0,0,0,0,0,0,0,0,0,0,0,0,0,0,0,0,0,0,0,0,0,0,0,0,0,0,0,0,0,0,0,0,0,0,0,0,0,0,0,0,0,0,0,0,0.18593856692314148
1,0,0,0,0,7,0,0,32,5,4,1,1,0,0,7,2,2,64,5,8,1,3,128,5,7,4,4,128,3,8,3,0,64,1,8,5,4,64,5,6,7,6,0,0,7,8,6,64,3,5,8,9,0,0,2,10,10,0,0,0,0,0,0,0,0,0,0,0,0,0,0,0,0,0,0,0,0,0,0,0,0,0,0,0,0,0,0,0,0,0,0,0,0,0,0,0,0,0,0,0,0,0,0,0,0,0,0,0,0,0,0,0,0,0,0,0,0,0,0,0,0,0,0,0,0,0,0,0,0,0,0,0,0,0,0,0,0,0,0,0,0,0,0,0,0,0,0,0,0,0.8936519026756287
1,0,0,0,0,7,0,0,32,5,4,0,0,0,0,7,1,2,128,3,8,3,3,32,1,3,1,2,0,0,5,2,5,0,0,8,6,6,128,5,7,7,7,32,3,7,4,4,32,3,8,9,9,128,1,8,8,7,64,5,6,11,10,0,0,7,12,12,64,3,5,12,13,0,0,2,14,14,0,0,0,0,0,0,0,0,0,0,0,0,0,0,0,0,0,0,0,0,0,0,0,0,0,0,0,0,0,0,0,0,0,0,0,0,0,0,0,0,0,0,0,0,0,0,0,0,0,0,0,0,0,0,0,0,0,0,0,0,0,0,0,0,0,0,0,0,0,0,0,0,0.9333788156509399
1,0,0,0,0,7,0,0,32,5,4,0,0,0,0,8,0,0,64,3,7,3,3,128,3,8,4,4,32,1,7,1,0,64,1,5,2,6,0,0,8,7,7,128,5,7,8,8,32,3,7,5,5,32,3,8,10,10,128,1,8,9,8,64,5,6,12,11,0,0,7,13,13,64,3,5,13,14,0,0,2,15,15,0,0,0,0,0,0,0,0,0,0,0,0,0,0,0,0,0,0,0,0,0,0,0,0,0,0,0,0,0,0,0,0,0,0,0,0,0,0,0,0,0,0,0,0,0,0,0,0,0,0,0,0,0,0,0,0,0,0,0,0,0,0,0,0,0,0,0,0.9340614080429077
1,0,0,0,0,7,0,0,32,5,7,0,0,128,3,8,2,0,128,1,7,3,3,64,5,8,1,4,128,5,7,5,5,128,3,8,4,0,64,1,8,6,5,64,5,6,8,7,0,0,7,9,9,64,3,5,9,10,0,0,2,11,11,0,0,0,0,0,0,0,0,0,0,0,0,0,0,0,0,0,0,0,0,0,0,0,0,0,0,0,0,0,0,0,0,0,0,0,0,0,0,0,0,0,0,0,0,0,0,0,0,0,0,0,0,0,0,0,0,0,0,0,0,0,0,0,0,0,0,0,0,0,0,0,0,0,0,0,0,0,0,0,0,0,0,0,0,0,0,0,0.18593856692314148
1,0,0,0,0,7,0,0,32,5,4,0,0,0,0,8,0,0,64,3,7,3,3,128,3,8,4,4,32,1,7,1,0,64,1,5,2,6,0,0,8,7,7,128,5,7,8,8,32,3,7,5,5,32,3,8,10,10,128,1,8,9,8,64,5,6,12,11,0,0,7,13,13,64,3,5,13,14,0,0,2,15,15,0,0,0,0,0,0,0,0,0,0,0,0,0,0,0,0,0,0,0,0,0,0,0,0,0,0,0,0,0,0,0,0,0,0,0,0,0,0,0,0,0,0,0,0,0,0,0,0,0,0,0,0,0,0,0,0,0,0,0,0,0,0,0,0,0,0,0,0.9340614080429077
1,0,0,0,0,7,0,0,32,5,7,1,0,64,1,4,1,1,0,0,7,2,3,32,3,8,3,4,128,1,8,4,3,64,5,6,6,5,0,0,7,7,7,64,3,5,7,8,0,0,2,9,9,0,0,0,0,0,0,0,0,0,0,0,0,0,0,0,0,0,0,0,0,0,0,0,0,0,0,0,0,0,0,0,0,0,0,0,0,0,0,0,0,0,0,0,0,0,0,0,0,0,0,0,0,0,0,0,0,0,0,0,0,0,0,0,0,0,0,0,0,0,0,0,0,0,0,0,0,0,0,0,0,0,0,0,0,0,0,0,0,0,0,0,0,0,0,0,0,0,0.8881911039352417
1,0,0,0,0,7,0,0,32,5,4,0,0,0,0,7,0,0,128,3,8,3,0,32,3,7,4,4,64,5,7,0,4,32,5,7,1,0,64,1,5,2,7,0,0,7,8,8,64,5,7,5,9,32,3,6,6,9,0,0,8,10,9,64,5,6,12,11,0,0,7,13,11,64,3,5,13,14,0,0,2,15,15,0,0,0,0,0,0,0,0,0,0,0,0,0,0,0,0,0,0,0,0,0,0,0,0,0,0,0,0,0,0,0,0,0,0,0,0,0,0,0,0,0,0,0,0,0,0,0,0,0,0,0,0,0,0,0,0,0,0,0,0,0,0,0,0,0,0,0,0.9058020710945129
1,0,0,0,0,7,0,0,32,5,4,0,0,0,0,8,0,0,64,3,7,3,3,128,3,8,4,4,32,1,7,1,0,64,1,5,2,6,0,0,8,7,7,128,5,7,8,8,32,3,7,5,5,32,3,8,10,10,128,1,8,9,8,64,5,6,12,11,0,0,7,13,13,64,3,5,13,14,0,0,2,15,15,0,0,0,0,0,0,0,0,0,0,0,0,0,0,0,0,0,0,0,0,0,0,0,0,0,0,0,0,0,0,0,0,0,0,0,0,0,0,0,0,0,0,0,0,0,0,0,0,0,0,0,0,0,0,0,0,0,0,0,0,0,0,0,0,0,0,0,0.9340614080429077
1,0,0,0,0,4,0,0,0,0,7,0,0,128,3,8,2,0,32,3,8,3,3,32,1,7,1,4,64,1,8,5,5,128,5,7,6,6,32,3,7,4,4,32,3,8,8,8,128,1,8,7,6,64,5,6,10,9,0,0,7,11,11,64,3,5,11,12,0,0,2,13,13,0,0,0,0,0,0,0,0,0,0,0,0,0,0,0,0,0,0,0,0,0,0,0,0,0,0,0,0,0,0,0,0,0,0,0,0,0,0,0,0,0,0,0,0,0,0,0,0,0,0,0,0,0,0,0,0,0,0,0,0,0,0,0,0,0,0,0,0,0,0,0,0,0,0,0,0,0,0.8526962399482727
1,0,0,0,0,5,0,0,0,0,7,0,0,32,5,7,0,0,128,3,7,3,3,64,5,3,4,4,0,0,7,1,4,32,1,7,2,1,64,1,5,6,7,0,0,7,8,2,64,5,8,9,9,128,1,8,5,9,64,5,6,11,10,0,0,7,12,12,128,1,5,12,13,0,0,2,14,14,0,0,0,0,0,0,0,0,0,0,0,0,0,0,0,0,0,0,0,0,0,0,0,0,0,0,0,0,0,0,0,0,0,0,0,0,0,0,0,0,0,0,0,0,0,0,0,0,0,0,0,0,0,0,0,0,0,0,0,0,0,0,0,0,0,0,0,0,0,0,0,0,0.9266894459724426
1,0,0,0,0,7,0,0,32,5,4,0,0,0,0,8,0,0,64,3,7,3,3,128,3,8,4,4,32,1,7,1,0,64,1,5,2,6,0,0,8,7,7,128,5,7,8,8,32,3,7,5,0,32,3,8,10,10,128,1,8,9,10,64,5,6,12,11,0,0,7,13,13,64,3,5,13,14,0,0,2,15,15,0,0,0,0,0,0,0,0,0,0,0,0,0,0,0,0,0,0,0,0,0,0,0,0,0,0,0,0,0,0,0,0,0,0,0,0,0,0,0,0,0,0,0,0,0,0,0,0,0,0,0,0,0,0,0,0,0,0,0,0,0,0,0,0,0,0,0,0.9340614080429077
1,0,0,0,0,7,0,0,32,5,8,0,0,64,3,7,0,0,128,3,8,3,0,32,3,7,2,1,128,3,8,0,5,32,1,8,4,5,32,3,7,1,0,64,1,5,7,8,0,0,7,5,5,64,5,8,9,9,128,5,7,11,11,32,3,7,6,12,128,5,8,12,12,64,5,6,14,10,0,0,7,15,15,64,3,7,13,13,32,3,5,17,16,0,0,2,18,18,0,0,0,0,0,0,0,0,0,0,0,0,0,0,0,0,0,0,0,0,0,0,0,0,0,0,0,0,0,0,0,0,0,0,0,0,0,0,0,0,0,0,0,0,0,0,0,0,0,0,0,0,0.8087372183799744
1,0,0,0,0,7,0,0,32,5,7,0,0,128,3,7,2,0,32,5,8,1,3,128,5,7,4,4,128,5,7,3,5,128,1,8,6,5,128,1,8,5,5,64,5,6,8,7,0,0,7,9,9,64,3,5,9,10,0,0,2,11,11,0,0,0,0,0,0,0,0,0,0,0,0,0,0,0,0,0,0,0,0,0,0,0,0,0,0,0,0,0,0,0,0,0,0,0,0,0,0,0,0,0,0,0,0,0,0,0,0,0,0,0,0,0,0,0,0,0,0,0,0,0,0,0,0,0,0,0,0,0,0,0,0,0,0,0,0,0,0,0,0,0,0,0,0,0,0,0,0.18593856692314148
1,0,0,0,0,7,0,0,32,5,4,0,0,0,0,8,0,0,64,3,7,3,3,128,3,8,4,4,32,1,7,1,0,64,1,5,2,6,0,0,8,7,4,128,5,7,8,8,32,3,7,5,0,32,3,8,10,10,128,1,8,9,10,64,5,6,12,11,0,0,7,13,10,64,3,5,13,14,0,0,2,15,15,0,0,0,0,0,0,0,0,0,0,0,0,0,0,0,0,0,0,0,0,0,0,0,0,0,0,0,0,0,0,0,0,0,0,0,0,0,0,0,0,0,0,0,0,0,0,0,0,0,0,0,0,0,0,0,0,0,0,0,0,0,0,0,0,0,0,0,0.9340614080429077
1,0,0,0,0,7,0,0,32,5,4,0,0,0,0,7,1,0,64,1,5,2,3,0,0,8,4,2,128,5,7,5,5,32,3,7,6,6,128,5,6,7,7,0,0,7,8,7,128,1,2,9,9,0,0,0,0,0,0,0,0,0,0,0,0,0,0,0,0,0,0,0,0,0,0,0,0,0,0,0,0,0,0,0,0,0,0,0,0,0,0,0,0,0,0,0,0,0,0,0,0,0,0,0,0,0,0,0,0,0,0,0,0,0,0,0,0,0,0,0,0,0,0,0,0,0,0,0,0,0,0,0,0,0,0,0,0,0,0,0,0,0,0,0,0,0,0,0,0,0,0.18593856692314148
1,0,0,0,0,4,0,0,0,0,3,0,0,0,0,7,2,2,64,5,7,0,0,128,3,8,3,3,64,3,7,4,5,32,1,3,1,0,0,0,5,6,7,0,0,8,8,2,128,5,6,5,5,0,0,8,10,2,128,3,7,9,11,32,3,6,11,12,0,0,7,13,10,64,3,5,13,14,0,0,2,15,15,0,0,0,0,0,0,0,0,0,0,0,0,0,0,0,0,0,0,0,0,0,0,0,0,0,0,0,0,0,0,0,0,0,0,0,0,0,0,0,0,0,0,0,0,0,0,0,0,0,0,0,0,0,0,0,0,0,0,0,0,0,0,0,0,0,0,0,0.0
1,0,0,0,0,7,0,0,32,5,4,0,0,0,0,8,0,0,64,3,7,3,3,128,3,8,4,4,32,1,7,1,0,64,1,5,2,6,0,0,8,7,4,128,5,7,8,6,32,3,7,5,5,32,3,8,10,10,128,1,8,9,10,64,5,6,12,11,0,0,7,13,10,64,3,5,13,14,0,0,2,15,15,0,0,0,0,0,0,0,0,0,0,0,0,0,0,0,0,0,0,0,0,0,0,0,0,0,0,0,0,0,0,0,0,0,0,0,0,0,0,0,0,0,0,0,0,0,0,0,0,0,0,0,0,0,0,0,0,0,0,0,0,0,0,0,0,0,0,0,0.9340614080429077
1,0,0,0,0,7,0,0,32,5,4,0,0,0,0,8,0,0,64,3,8,3,3,32,3,7,0,4,64,5,7,1,0,64,1,5,2,6,0,0,7,4,4,64,5,8,7,4,128,5,7,9,6,32,3,7,5,10,128,5,8,10,10,64,5,6,12,8,0,0,7,13,11,64,3,7,11,11,32,3,5,15,14,0,0,2,16,16,0,0,0,0,0,0,0,0,0,0,0,0,0,0,0,0,0,0,0,0,0,0,0,0,0,0,0,0,0,0,0,0,0,0,0,0,0,0,0,0,0,0,0,0,0,0,0,0,0,0,0,0,0,0,0,0,0,0,0,0,0,0,0.9377474188804626
1,0,0,0,0,7,0,0,32,5,7,0,0,128,3,7,2,0,32,5,8,1,3,128,5,7,4,3,32,3,7,3,5,128,1,8,6,5,128,1,8,5,5,64,5,6,8,7,0,0,7,9,5,64,3,5,9,10,0,0,2,11,11,0,0,0,0,0,0,0,0,0,0,0,0,0,0,0,0,0,0,0,0,0,0,0,0,0,0,0,0,0,0,0,0,0,0,0,0,0,0,0,0,0,0,0,0,0,0,0,0,0,0,0,0,0,0,0,0,0,0,0,0,0,0,0,0,0,0,0,0,0,0,0,0,0,0,0,0,0,0,0,0,0,0,0,0,0,0,0,0.18593856692314148
1,0,0,0,0,7,0,0,32,5,4,0,0,0,0,8,0,0,64,3,8,3,3,32,3,7,0,4,64,5,7,1,0,64,1,5,2,6,0,0,7,4,4,64,5,8,7,4,128,5,7,9,6,32,3,7,5,10,128,5,8,10,10,64,5,6,12,8,0,0,7,13,11,64,3,7,11,11,32,3,5,15,14,0,0,2,16,16,0,0,0,0,0,0,0,0,0,0,0,0,0,0,0,0,0,0,0,0,0,0,0,0,0,0,0,0,0,0,0,0,0,0,0,0,0,0,0,0,0,0,0,0,0,0,0,0,0,0,0,0,0,0,0,0,0,0,0,0,0,0,0.9377474188804626
1,0,0,0,0,7,0,0,32,5,4,0,0,0,0,8,0,0,64,3,7,3,3,32,1,7,1,0,64,1,5,2,5,0,0,7,4,4,64,5,8,6,4,128,5,7,5,5,32,3,8,9,9,64,5,7,8,9,128,3,6,10,7,0,0,7,12,9,64,3,7,11,9,32,3,5,14,13,0,0,2,15,15,0,0,0,0,0,0,0,0,0,0,0,0,0,0,0,0,0,0,0,0,0,0,0,0,0,0,0,0,0,0,0,0,0,0,0,0,0,0,0,0,0,0,0,0,0,0,0,0,0,0,0,0,0,0,0,0,0,0,0,0,0,0,0,0,0,0,0,0.92723548412323
1,0,0,0,0,7,0,0,128,3,8,1,0,32,3,7,2,2,64,5,7,0,2,64,5,7,3,4,32,3,7,3,4,32,3,7,4,4,32,3,8,6,2,128,1,8,5,6,64,5,8,8,4,64,5,6,9,7,0,0,7,11,7,64,3,7,10,7,32,3,5,13,12,0,0,2,14,14,0,0,0,0,0,0,0,0,0,0,0,0,0,0,0,0,0,0,0,0,0,0,0,0,0,0,0,0,0,0,0,0,0,0,0,0,0,0,0,0,0,0,0,0,0,0,0,0,0,0,0,0,0,0,0,0,0,0,0,0,0,0,0,0,0,0,0,0,0,0,0,0,0.18593856692314148
1,0,0,0,0,7,0,0,32,5,4,0,0,0,0,8,0,0,64,3,8,3,3,32,3,7,0,4,64,5,7,1,0,64,1,5,2,6,0,0,7,4,4,64,5,8,7,4,128,5,7,9,6,32,3,7,5,10,128,5,8,10,10,64,5,6,12,8,0,0,7,13,11,64,3,7,11,11,32,3,5,15,14,0,0,2,16,16,0,0,0,0,0,0,0,0,0,0,0,0,0,0,0,0,0,0,0,0,0,0,0,0,0,0,0,0,0,0,0,0,0,0,0,0,0,0,0,0,0,0,0,0,0,0,0,0,0,0,0,0,0,0,0,0,0,0,0,0,0,0,0.9377474188804626
1,0,0,0,0,7,0,0,32,5,4,0,0,0,0,8,0,0,64,3,8,0,0,32,3,8,4,0,32,3,8,3,4,32,3,7,5,6,64,5,7,1,0,64,1,5,2,8,0,0,7,6,6,64,5,8,9,6,128,5,7,11,8,32,3,7,7,12,128,5,8,12,12,128,1,6,14,10,0,0,7,15,13,64,3,5,13,13,0,0,5,17,16,0,0,2,18,18,0,0,0,0,0,0,0,0,0,0,0,0,0,0,0,0,0,0,0,0,0,0,0,0,0,0,0,0,0,0,0,0,0,0,0,0,0,0,0,0,0,0,0,0,0,0,0,0,0,0,0,0,0.9254607558250427
1,0,0,0,0,7,0,0,32,5,7,0,0,32,5,8,0,0,64,3,8,3,3,32,3,7,0,4,64,5,7,1,4,64,1,5,2,6,0,0,7,4,4,64,5,8,7,4,128,5,7,9,6,32,3,7,5,10,128,5,8,10,9,64,5,6,12,8,0,0,7,13,11,64,3,7,11,11,32,3,5,15,14,0,0,2,16,16,0,0,0,0,0,0,0,0,0,0,0,0,0,0,0,0,0,0,0,0,0,0,0,0,0,0,0,0,0,0,0,0,0,0,0,0,0,0,0,0,0,0,0,0,0,0,0,0,0,0,0,0,0,0,0,0,0,0,0,0,0,0,0.881365180015564
1,0,0,0,0,7,0,0,32,5,4,0,0,0,0,8,0,0,64,3,8,3,3,32,3,7,0,4,64,5,7,1,0,64,1,5,2,6,0,0,7,4,4,64,5,8,7,4,128,5,7,9,6,32,3,7,5,10,128,5,8,10,10,64,5,6,12,8,0,0,7,13,12,64,3,7,11,11,32,3,5,15,14,0,0,2,16,16,0,0,0,0,0,0,0,0,0,0,0,0,0,0,0,0,0,0,0,0,0,0,0,0,0,0,0,0,0,0,0,0,0,0,0,0,0,0,0,0,0,0,0,0,0,0,0,0,0,0,0,0,0,0,0,0,0,0,0,0,0,0,0.9377474188804626
1,0,0,0,0,7,0,0,32,5,8,0,0,64,3,4,1,2,0,0,8,2,2,32,3,7,0,4,64,5,7,4,4,64,5,7,5,6,128,5,8,3,6,64,5,6,8,6,0,0,7,9,8,64,3,7,7,7,32,3,5,11,10,0,0,2,12,12,0,0,0,0,0,0,0,0,0,0,0,0,0,0,0,0,0,0,0,0,0,0,0,0,0,0,0,0,0,0,0,0,0,0,0,0,0,0,0,0,0,0,0,0,0,0,0,0,0,0,0,0,0,0,0,0,0,0,0,0,0,0,0,0,0,0,0,0,0,0,0,0,0,0,0,0,0,0,0,0,0,0,0.924778163433075
1,0,0,0,0,7,0,0,32,5,4,0,0,0,0,7,0,2,64,5,7,1,0,64,1,5,2,4,0,0,3,2,2,0,0,8,5,2,128,5,7,3,7,128,5,8,7,7,64,3,8,9,7,64,5,6,10,6,0,0,7,11,10,64,3,7,8,8,128,1,5,13,12,0,0,2,14,14,0,0,0,0,0,0,0,0,0,0,0,0,0,0,0,0,0,0,0,0,0,0,0,0,0,0,0,0,0,0,0,0,0,0,0,0,0,0,0,0,0,0,0,0,0,0,0,0,0,0,0,0,0,0,0,0,0,0,0,0,0,0,0,0,0,0,0,0,0,0,0,0,0.0
1,0,0,0,0,7,0,0,32,5,4,0,0,0,0,8,0,0,64,3,8,3,3,32,3,7,0,4,64,5,7,1,0,64,1,5,2,6,0,0,7,4,4,64,5,8,7,4,128,5,7,9,6,32,3,7,5,10,128,5,8,10,10,64,5,6,12,8,0,0,7,13,12,64,3,7,11,11,32,3,5,15,14,0,0,2,16,16,0,0,0,0,0,0,0,0,0,0,0,0,0,0,0,0,0,0,0,0,0,0,0,0,0,0,0,0,0,0,0,0,0,0,0,0,0,0,0,0,0,0,0,0,0,0,0,0,0,0,0,0,0,0,0,0,0,0,0,0,0,0,0.9377474188804626
1,0,0,0,0,4,0,0,0,0,8,0,0,64,3,8,2,2,32,3,7,1,0,64,5,7,1,4,64,1,7,3,3,64,5,8,5,3,128,5,7,7,4,32,3,7,4,8,128,5,8,8,8,64,5,6,10,6,0,0,7,11,10,64,3,7,9,9,32,3,5,13,12,0,0,2,14,14,0,0,0,0,0,0,0,0,0,0,0,0,0,0,0,0,0,0,0,0,0,0,0,0,0,0,0,0,0,0,0,0,0,0,0,0,0,0,0,0,0,0,0,0,0,0,0,0,0,0,0,0,0,0,0,0,0,0,0,0,0,0,0,0,0,0,0,0,0,0,0,0,0.9022525548934937
1,0,0,0,0,8,0,0,64,3,7,0,0,128,3,8,1,2,32,3,7,2,2,64,5,3,4,4,0,0,7,0,4,64,5,7,3,3,64,5,8,6,7,64,3,8,5,7,64,5,6,9,7,0,0,7,10,9,128,1,7,8,8,32,3,5,12,11,0,0,2,13,13,0,0,0,0,0,0,0,0,0,0,0,0,0,0,0,0,0,0,0,0,0,0,0,0,0,0,0,0,0,0,0,0,0,0,0,0,0,0,0,0,0,0,0,0,0,0,0,0,0,0,0,0,0,0,0,0,0,0,0,0,0,0,0,0,0,0,0,0,0,0,0,0,0,0,0,0,0,0.9286006689071655
1,0,0,0,0,7,0,0,32,5,4,0,0,0,0,8,0,0,64,3,8,3,3,32,3,7,0,4,64,5,7,1,0,64,1,5,2,6,0,0,7,4,4,64,5,8,7,4,128,5,7,9,6,32,3,7,5,4,128,5,8,10,10,64,5,6,12,8,0,0,7,13,13,64,3,7,11,11,32,3,5,15,14,0,0,2,16,16,0,0,0,0,0,0,0,0,0,0,0,0,0,0,0,0,0,0,0,0,0,0,0,0,0,0,0,0,0,0,0,0,0,0,0,0,0,0,0,0,0,0,0,0,0,0,0,0,0,0,0,0,0,0,0,0,0,0,0,0,0,0,0.9377474188804626
1,0,0,0,0,8,0,0,64,3,8,1,1,32,3,7,2,2,64,5,6,3,3,0,0,7,4,4,64,3,5,4,5,0,0,2,6,6,0,0,0,0,0,0,0,0,0,0,0,0,0,0,0,0,0,0,0,0,0,0,0,0,0,0,0,0,0,0,0,0,0,0,0,0,0,0,0,0,0,0,0,0,0,0,0,0,0,0,0,0,0,0,0,0,0,0,0,0,0,0,0,0,0,0,0,0,0,0,0,0,0,0,0,0,0,0,0,0,0,0,0,0,0,0,0,0,0,0,0,0,0,0,0,0,0,0,0,0,0,0,0,0,0,0,0,0,0,0,0,0,0.18593856692314148
1,0,0,0,0,7,0,0,32,5,7,0,1,64,5,7,1,2,64,5,7,3,3,128,5,7,2,1,128,5,7,5,5,32,3,7,4,4,64,1,5,6,7,0,0,2,8,8,0,0,0,0,0,0,0,0,0,0,0,0,0,0,0,0,0,0,0,0,0,0,0,0,0,0,0,0,0,0,0,0,0,0,0,0,0,0,0,0,0,0,0,0,0,0,0,0,0,0,0,0,0,0,0,0,0,0,0,0,0,0,0,0,0,0,0,0,0,0,0,0,0,0,0,0,0,0,0,0,0,0,0,0,0,0,0,0,0,0,0,0,0,0,0,0,0,0,0,0,0,0,0.9026620984077454
1,0,0,0,0,7,0,0,32,5,4,0,0,0,0,8,0,0,64,3,8,3,3,32,3,7,0,4,64,5,7,1,0,64,1,5,2,6,0,0,7,4,4,64,5,8,7,4,128,5,7,9,6,32,3,7,5,4,128,5,8,10,10,64,5,6,12,8,0,0,7,13,13,64,3,7,11,11,32,3,5,15,14,0,0,2,16,16,0,0,0,0,0,0,0,0,0,0,0,0,0,0,0,0,0,0,0,0,0,0,0,0,0,0,0,0,0,0,0,0,0,0,0,0,0,0,0,0,0,0,0,0,0,0,0,0,0,0,0,0,0,0,0,0,0,0,0,0,0,0,0.9377474188804626
1,0,0,0,0,7,0,0,128,3,8,1,0,32,3,7,0,2,64,5,7,2,2,64,5,3,4,4,0,0,7,3,2,128,5,7,5,5,32,1,7,6,6,32,3,7,7,6,64,1,5,8,9,0,0,2,10,10,0,0,0,0,0,0,0,0,0,0,0,0,0,0,0,0,0,0,0,0,0,0,0,0,0,0,0,0,0,0,0,0,0,0,0,0,0,0,0,0,0,0,0,0,0,0,0,0,0,0,0,0,0,0,0,0,0,0,0,0,0,0,0,0,0,0,0,0,0,0,0,0,0,0,0,0,0,0,0,0,0,0,0,0,0,0,0,0,0,0,0,0,0.8961092233657837
1,0,0,0,0,7,0,0,32,5,7,0,0,128,3,7,0,0,128,3,8,3,0,32,3,8,2,4,32,3,8,4,4,32,5,7,1,0,64,1,5,6,7,0,0,8,8,4,128,5,7,9,7,32,3,5,9,5,0,0,7,5,4,128,5,8,10,11,64,5,6,13,11,0,0,7,14,14,64,3,7,12,12,32,3,5,16,15,0,0,2,17,17,0,0,0,0,0,0,0,0,0,0,0,0,0,0,0,0,0,0,0,0,0,0,0,0,0,0,0,0,0,0,0,0,0,0,0,0,0,0,0,0,0,0,0,0,0,0,0,0,0,0,0,0,0,0,0,0,0,0.18593856692314148
1,0,0,0,0,7,0,0,32,5,4,0,0,0,0,8,0,0,64,3,8,3,3,32,3,7,0,4,64,5,7,1,0,64,1,5,2,6,0,0,7,4,4,64,5,8,7,4,128,5,7,9,6,32,3,7,5,4,128,5,8,10,10,64,5,6,12,8,0,0,7,13,13,64,3,7,11,11,32,3,5,15,14,0,0,2,16,16,0,0,0,0,0,0,0,0,0,0,0,0,0,0,0,0,0,0,0,0,0,0,0,0,0,0,0,0,0,0,0,0,0,0,0,0,0,0,0,0,0,0,0,0,0,0,0,0,0,0,0,0,0,0,0,0,0,0,0,0,0,0,0.9377474188804626
1,0,0,0,0,7,0,0,128,3,8,1,0,32,3,7,2,2,64,5,8,3,2,128,5,8,4,4,64,5,8,5,3,128,1,7,6,6,32,3,5,6,7,0,0,2,8,8,0,0,0,0,0,0,0,0,0,0,0,0,0,0,0,0,0,0,0,0,0,0,0,0,0,0,0,0,0,0,0,0,0,0,0,0,0,0,0,0,0,0,0,0,0,0,0,0,0,0,0,0,0,0,0,0,0,0,0,0,0,0,0,0,0,0,0,0,0,0,0,0,0,0,0,0,0,0,0,0,0,0,0,0,0,0,0,0,0,0,0,0,0,0,0,0,0,0,0,0,0,0,0.18593856692314148
1,0,0,0,0,7,0,0,32,5,7,0,1,64,5,7,1,2,64,5,8,3,3,64,1,7,2,1,128,5,8,4,1,128,3,7,5,5,32,3,7,6,6,64,1,5,7,8,0,0,2,9,9,0,0,0,0,0,0,0,0,0,0,0,0,0,0,0,0,0,0,0,0,0,0,0,0,0,0,0,0,0,0,0,0,0,0,0,0,0,0,0,0,0,0,0,0,0,0,0,0,0,0,0,0,0,0,0,0,0,0,0,0,0,0,0,0,0,0,0,0,0,0,0,0,0,0,0,0,0,0,0,0,0,0,0,0,0,0,0,0,0,0,0,0,0,0,0,0,0,0.8823208212852478
1,0,0,0,0,7,0,0,32,5,4,0,0,0,0,8,0,0,64,3,8,3,3,32,3,7,0,4,64,5,7,1,0,64,1,5,2,6,0,0,7,4,4,64,5,8,7,4,128,5,7,9,6,32,3,7,5,4,128,5,8,10,10,64,5,6,12,8,0,0,7,13,11,64,3,7,11,11,32,3,5,15,14,0,0,2,16,16,0,0,0,0,0,0,0,0,0,0,0,0,0,0,0,0,0,0,0,0,0,0,0,0,0,0,0,0,0,0,0,0,0,0,0,0,0,0,0,0,0,0,0,0,0,0,0,0,0,0,0,0,0,0,0,0,0,0,0,0,0,0,0.9377474188804626
1,0,0,0,0,7,0,0,32,5,8,1,0,32,3,8,2,2,128,3,8,3,2,128,5,8,4,4,64,5,8,5,3,128,1,7,6,4,32,3,5,6,7,0,0,2,8,8,0,0,0,0,0,0,0,0,0,0,0,0,0,0,0,0,0,0,0,0,0,0,0,0,0,0,0,0,0,0,0,0,0,0,0,0,0,0,0,0,0,0,0,0,0,0,0,0,0,0,0,0,0,0,0,0,0,0,0,0,0,0,0,0,0,0,0,0,0,0,0,0,0,0,0,0,0,0,0,0,0,0,0,0,0,0,0,0,0,0,0,0,0,0,0,0,0,0,0,0,0,0,0.18580204248428345
1,0,0,0,0,7,0,0,32,5,7,0,1,64,5,7,1,2,64,5,8,3,3,64,1,7,2,1,128,5,8,4,1,128,3,7,5,5,32,3,7,6,6,64,1,5,7,8,0,0,2,9,9,0,0,0,0,0,0,0,0,0,0,0,0,0,0,0,0,0,0,0,0,0,0,0,0,0,0,0,0,0,0,0,0,0,0,0,0,0,0,0,0,0,0,0,0,0,0,0,0,0,0,0,0,0,0,0,0,0,0,0,0,0,0,0,0,0,0,0,0,0,0,0,0,0,0,0,0,0,0,0,0,0,0,0,0,0,0,0,0,0,0,0,0,0,0,0,0,0,0.9077132940292358
1,0,0,0,0,7,0,0,32,5,4,0,0,0,0,8,0,0,64,3,8,3,3,32,3,7,0,4,64,5,7,1,0,64,1,5,2,6,0,0,7,4,4,64,5,8,7,4,128,5,7,9,6,32,3,7,5,4,128,5,8,10,10,64,5,6,12,8,0,0,7,13,11,64,3,7,11,11,32,3,5,15,14,0,0,2,16,16,0,0,0,0,0,0,0,0,0,0,0,0,0,0,0,0,0,0,0,0,0,0,0,0,0,0,0,0,0,0,0,0,0,0,0,0,0,0,0,0,0,0,0,0,0,0,0,0,0,0,0,0,0,0,0,0,0,0,0,0,0,0,0.9377474188804626
1,0,0,0,0,8,0,0,64,3,8,1,1,32,3,7,0,2,64,5,7,2,2,64,5,8,3,2,128,5,6,4,4,0,0,7,5,5,32,3,5,7,6,0,0,2,8,8,0,0,0,0,0,0,0,0,0,0,0,0,0,0,0,0,0,0,0,0,0,0,0,0,0,0,0,0,0,0,0,0,0,0,0,0,0,0,0,0,0,0,0,0,0,0,0,0,0,0,0,0,0,0,0,0,0,0,0,0,0,0,0,0,0,0,0,0,0,0,0,0,0,0,0,0,0,0,0,0,0,0,0,0,0,0,0,0,0,0,0,0,0,0,0,0,0,0,0,0,0,0,0.8946074843406677
1,0,0,0,0,7,0,0,32,5,4,0,0,0,0,8,0,0,64,3,8,3,3,128,1,7,2,4,64,5,7,1,0,64,1,5,5,6,0,0,7,4,4,64,5,7,7,4,32,5,7,9,6,32,3,7,9,4,64,3,8,10,11,64,5,6,12,8,0,0,7,13,11,64,3,7,11,11,32,3,5,15,14,0,0,2,16,16,0,0,0,0,0,0,0,0,0,0,0,0,0,0,0,0,0,0,0,0,0,0,0,0,0,0,0,0,0,0,0,0,0,0,0,0,0,0,0,0,0,0,0,0,0,0,0,0,0,0,0,0,0,0,0,0,0,0,0,0,0,0,0.931467592716217
1,0,0,0,0,7,0,0,32,5,4,0,0,0,0,8,0,0,64,3,8,3,3,32,3,7,0,4,64,5,7,1,0,64,1,5,2,6,0,0,7,4,4,64,5,8,7,4,128,5,7,9,6,32,3,7,5,4,128,5,8,10,10,64,5,6,12,8,0,0,7,13,11,64,3,7,11,11,32,3,5,15,14,0,0,2,16,16,0,0,0,0,0,0,0,0,0,0,0,0,0,0,0,0,0,0,0,0,0,0,0,0,0,0,0,0,0,0,0,0,0,0,0,0,0,0,0,0,0,0,0,0,0,0,0,0,0,0,0,0,0,0,0,0,0,0,0,0,0,0,0.9377474188804626
1,0,0,0,0,8,0,0,64,3,7,1,1,128,5,7,0,2,64,5,7,2,2,64,5,8,3,2,128,5,6,4,4,0,0,7,5,5,32,3,5,7,6,0,0,2,8,8,0,0,0,0,0,0,0,0,0,0,0,0,0,0,0,0,0,0,0,0,0,0,0,0,0,0,0,0,0,0,0,0,0,0,0,0,0,0,0,0,0,0,0,0,0,0,0,0,0,0,0,0,0,0,0,0,0,0,0,0,0,0,0,0,0,0,0,0,0,0,0,0,0,0,0,0,0,0,0,0,0,0,0,0,0,0,0,0,0,0,0,0,0,0,0,0,0,0,0,0,0,0,0.8989760875701904
1,0,0,0,0,7,0,0,32,5,4,0,0,0,0,8,0,0,64,3,8,3,3,128,1,7,2,4,64,5,7,1,0,64,1,5,5,6,0,0,7,4,4,64,5,7,7,4,32,5,7,9,6,32,3,7,9,4,64,3,8,10,11,64,5,6,12,8,0,0,7,13,11,64,3,7,11,11,32,3,5,15,14,0,0,2,16,16,0,0,0,0,0,0,0,0,0,0,0,0,0,0,0,0,0,0,0,0,0,0,0,0,0,0,0,0,0,0,0,0,0,0,0,0,0,0,0,0,0,0,0,0,0,0,0,0,0,0,0,0,0,0,0,0,0,0,0,0,0,0,0.9381570219993591
1,0,0,0,0,7,0,0,32,5,4,0,0,0,0,8,0,0,64,3,8,3,3,128,1,7,2,4,64,5,7,1,0,64,1,5,5,6,0,0,7,4,4,64,5,7,7,4,32,5,7,9,6,32,3,7,9,4,64,3,8,10,11,64,5,6,12,8,0,0,7,13,11,64,3,7,11,11,32,3,5,15,14,0,0,2,16,16,0,0,0,0,0,0,0,0,0,0,0,0,0,0,0,0,0,0,0,0,0,0,0,0,0,0,0,0,0,0,0,0,0,0,0,0,0,0,0,0,0,0,0,0,0,0,0,0,0,0,0,0,0,0,0,0,0,0,0,0,0,0,0.9381570219993591
1,0,0,0,0,7,0,0,32,5,4,0,0,0,0,8,0,0,64,3,7,3,3,32,1,7,2,4,64,5,7,1,0,64,1,5,5,6,0,0,7,4,4,64,5,7,7,4,32,5,7,6,6,32,3,8,10,10,64,5,7,9,10,128,3,6,11,8,0,0,7,13,10,64,3,7,12,10,32,3,5,15,14,0,0,2,16,16,0,0,0,0,0,0,0,0,0,0,0,0,0,0,0,0,0,0,0,0,0,0,0,0,0,0,0,0,0,0,0,0,0,0,0,0,0,0,0,0,0,0,0,0,0,0,0,0,0,0,0,0,0,0,0,0,0,0,0,0,0,0,0.9164505004882812
1,0,0,0,0,5,0,0,0,0,7,0,0,32,1,3,2,2,0,0,7,3,3,32,1,8,3,2,128,3,7,5,5,32,3,8,1,5,64,1,8,4,2,128,3,8,6,6,64,5,8,8,5,64,5,6,9,7,0,0,7,11,7,64,3,7,10,7,32,3,5,13,12,0,0,2,14,14,0,0,0,0,0,0,0,0,0,0,0,0,0,0,0,0,0,0,0,0,0,0,0,0,0,0,0,0,0,0,0,0,0,0,0,0,0,0,0,0,0,0,0,0,0,0,0,0,0,0,0,0,0,0,0,0,0,0,0,0,0,0,0,0,0,0,0,0,0,0,0,0,0.9307850003242493
1,0,0,0,0,7,0,0,32,5,4,0,0,0,0,8,0,0,64,3,8,3,3,128,1,7,2,4,64,5,7,1,0,64,1,5,5,6,0,0,7,4,4,64,5,7,7,4,32,5,7,9,6,32,3,7,9,4,64,3,8,10,11,64,5,6,12,8,0,0,7,13,11,64,3,7,11,11,32,3,5,15,14,0,0,2,16,16,0,0,0,0,0,0,0,0,0,0,0,0,0,0,0,0,0,0,0,0,0,0,0,0,0,0,0,0,0,0,0,0,0,0,0,0,0,0,0,0,0,0,0,0,0,0,0,0,0,0,0,0,0,0,0,0,0,0,0,0,0,0,0.9381570219993591
1,0,0,0,0,4,0,0,0,0,8,0,0,64,3,7,0,0,128,3,8,3,0,32,3,8,2,3,128,1,7,1,5,64,5,5,6,4,0,0,7,5,5,64,5,7,7,5,32,5,7,5,6,32,3,7,9,5,64,3,3,10,11,0,0,6,12,8,0,0,7,13,11,64,3,7,11,11,32,3,5,15,14,0,0,2,16,16,0,0,0,0,0,0,0,0,0,0,0,0,0,0,0,0,0,0,0,0,0,0,0,0,0,0,0,0,0,0,0,0,0,0,0,0,0,0,0,0,0,0,0,0,0,0,0,0,0,0,0,0,0,0,0,0,0,0,0,0,0,0,0.9184982776641846
1,0,0,0,0,7,0,0,32,5,4,0,0,0,0,7,2,2,64,5,7,1,0,64,1,5,3,4,0,0,7,5,2,32,5,7,6,4,32,3,7,6,2,64,3,8,7,8,64,1,7,9,5,128,1,7,10,8,128,1,7,8,8,32,3,5,12,11,0,0,2,13,13,0,0,0,0,0,0,0,0,0,0,0,0,0,0,0,0,0,0,0,0,0,0,0,0,0,0,0,0,0,0,0,0,0,0,0,0,0,0,0,0,0,0,0,0,0,0,0,0,0,0,0,0,0,0,0,0,0,0,0,0,0,0,0,0,0,0,0,0,0,0,0,0,0,0,0,0,0,0.92109215259552
1,0,0,0,0,7,0,0,32,5,4,0,0,0,0,8,0,0,64,3,8,3,3,128,1,7,2,4,64,5,7,1,0,64,1,5,5,6,0,0,7,4,4,64,5,7,7,4,32,5,7,9,6,32,3,7,9,4,64,3,8,10,11,64,5,6,12,8,0,0,7,13,11,64,3,7,11,11,32,3,5,15,14,0,0,2,16,16,0,0,0,0,0,0,0,0,0,0,0,0,0,0,0,0,0,0,0,0,0,0,0,0,0,0,0,0,0,0,0,0,0,0,0,0,0,0,0,0,0,0,0,0,0,0,0,0,0,0,0,0,0,0,0,0,0,0,0,0,0,0,0.9381570219993591
1,0,0,0,0,7,0,0,32,5,4,0,0,0,0,7,2,2,64,5,8,1,0,128,1,5,3,4,0,0,8,5,2,128,5,8,6,6,64,5,8,7,5,128,1,7,8,6,32,3,5,8,9,0,0,2,10,10,0,0,0,0,0,0,0,0,0,0,0,0,0,0,0,0,0,0,0,0,0,0,0,0,0,0,0,0,0,0,0,0,0,0,0,0,0,0,0,0,0,0,0,0,0,0,0,0,0,0,0,0,0,0,0,0,0,0,0,0,0,0,0,0,0,0,0,0,0,0,0,0,0,0,0,0,0,0,0,0,0,0,0,0,0,0,0,0,0,0,0,0,0.9373378753662109
1,0,0,0,0,7,0,0,32,5,4,0,0,0,0,8,0,0,64,3,7,2,3,64,5,7,1,0,64,1,5,4,5,0,0,7,6,3,32,5,8,3,6,32,3,7,7,3,64,3,8,8,8,64,1,8,10,9,128,3,4,11,11,0,0,7,9,10,32,3,7,12,12,64,1,5,13,14,0,0,2,15,15,0,0,0,0,0,0,0,0,0,0,0,0,0,0,0,0,0,0,0,0,0,0,0,0,0,0,0,0,0,0,0,0,0,0,0,0,0,0,0,0,0,0,0,0,0,0,0,0,0,0,0,0,0,0,0,0,0,0,0,0,0,0,0,0,0,0,0,0.9179522395133972
1,0,0,0,0,7,0,0,32,5,4,0,0,0,0,8,0,0,64,3,8,3,3,128,1,7,2,4,64,5,7,1,0,64,1,5,5,6,0,0,7,4,4,64,5,7,7,4,32,5,7,9,6,32,3,7,9,4,64,3,8,10,11,64,5,6,12,8,0,0,7,13,11,64,3,7,11,11,32,3,5,15,14,0,0,2,16,16,0,0,0,0,0,0,0,0,0,0,0,0,0,0,0,0,0,0,0,0,0,0,0,0,0,0,0,0,0,0,0,0,0,0,0,0,0,0,0,0,0,0,0,0,0,0,0,0,0,0,0,0,0,0,0,0,0,0,0,0,0,0,0.9381570219993591
1,0,0,0,0,7,0,0,32,5,4,0,0,0,0,7,2,2,64,5,7,1,2,64,1,5,3,4,0,0,8,5,2,128,5,8,6,6,64,5,8,7,5,128,1,7,8,6,32,3,5,8,9,0,0,2,10,10,0,0,0,0,0,0,0,0,0,0,0,0,0,0,0,0,0,0,0,0,0,0,0,0,0,0,0,0,0,0,0,0,0,0,0,0,0,0,0,0,0,0,0,0,0,0,0,0,0,0,0,0,0,0,0,0,0,0,0,0,0,0,0,0,0,0,0,0,0,0,0,0,0,0,0,0,0,0,0,0,0,0,0,0,0,0,0,0,0,0,0,0,0.9350170493125916
1,0,0,0,0,7,0,0,32,5,4,0,0,0,0,8,0,0,64,3,3,3,3,0,0,7,2,4,64,5,7,1,0,64,1,5,5,6,0,0,7,7,4,32,5,8,4,3,32,3,7,8,4,64,3,8,9,9,64,1,8,11,10,128,3,4,12,11,0,0,7,10,11,32,3,7,13,13,64,1,5,14,15,0,0,2,16,16,0,0,0,0,0,0,0,0,0,0,0,0,0,0,0,0,0,0,0,0,0,0,0,0,0,0,0,0,0,0,0,0,0,0,0,0,0,0,0,0,0,0,0,0,0,0,0,0,0,0,0,0,0,0,0,0,0,0,0,0,0,0,0.9347440004348755
1,0,0,0,0,7,0,0,32,5,4,0,0,0,0,8,0,0,64,3,8,3,3,128,1,7,2,4,64,5,7,1,0,64,1,5,5,6,0,0,7,4,4,64,5,7,7,4,32,5,7,9,6,32,3,7,9,4,64,3,8,10,11,64,5,6,12,8,0,0,7,13,11,64,3,7,11,11,32,3,5,15,14,0,0,2,16,16,0,0,0,0,0,0,0,0,0,0,0,0,0,0,0,0,0,0,0,0,0,0,0,0,0,0,0,0,0,0,0,0,0,0,0,0,0,0,0,0,0,0,0,0,0,0,0,0,0,0,0,0,0,0,0,0,0,0,0,0,0,0,0.9381570219993591
1,0,0,0,0,7,0,0,32,5,4,0,0,0,0,7,0,0,128,3,8,3,0,32,3,7,4,4,32,1,7,2,4,64,5,7,1,0,64,1,5,6,7,0,0,7,8,4,32,5,7,9,5,64,3,7,5,4,128,1,7,10,10,32,3,7,11,11,64,1,5,12,13,0,0,2,14,14,0,0,0,0,0,0,0,0,0,0,0,0,0,0,0,0,0,0,0,0,0,0,0,0,0,0,0,0,0,0,0,0,0,0,0,0,0,0,0,0,0,0,0,0,0,0,0,0,0,0,0,0,0,0,0,0,0,0,0,0,0,0,0,0,0,0,0,0,0,0,0,0,0.9234129786491394
1,0,0,0,0,7,0,0,32,5,4,0,0,0,0,8,0,0,64,3,8,3,3,128,1,7,2,4,64,5,7,1,0,64,1,5,5,6,0,0,7,4,4,64,5,7,7,4,32,5,7,9,6,32,3,8,9,4,32,1,7,10,11,64,1,6,12,8,0,0,7,13,11,64,3,7,11,11,32,3,5,15,14,0,0,2,16,16,0,0,0,0,0,0,0,0,0,0,0,0,0,0,0,0,0,0,0,0,0,0,0,0,0,0,0,0,0,0,0,0,0,0,0,0,0,0,0,0,0,0,0,0,0,0,0,0,0,0,0,0,0,0,0,0,0,0,0,0,0,0,0.9224573373794556
