0,1,2,3,4,5,6,7,8,9,10,11,12,13,14,15,16,17,18,19,20,21,22,23,24,25,26,27,28,29,30,31,32,33,34,35,36,37,38,39,40,41,42,43,44,45,46,47,48,49,50,51,52,53,54,55,56,57,58,59,60,61,62,63,64,65,66,67,68,69,70,71,72,73,74,75,76,77,78,79,80,81,82,83,84,85,86,87,88,89,90,91,92,93,94,95,96,97,98,99,100,101,102,103,104,105,106,107,108,109,110,111,112,113,114,115,116,117,118,119,120,121,122,123,124,125,126,127,128,129,130,131,132,133,134,135,136,137,138,139,140,141,142,143,144,145,146,147,148,149
1,0,0,0,0,8,0,0,128,5,8,1,1,64,3,7,2,1,64,5,7,3,3,128,1,8,4,3,32,3,2,5,3,0,0,0,0,0,0,0,0,0,0,0,0,0,0,0,0,0,0,0,0,0,0,0,0,0,0,0,0,0,0,0,0,0,0,0,0,0,0,0,0,0,0,0,0,0,0,0,0,0,0,0,0,0,0,0,0,0,0,0,0,0,0,0,0,0,0,0,0,0,0,0,0,0,0,0,0,0,0,0,0,0,0,0,0,0,0,0,0,0,0,0,0,0,0,0,0,0,0,0,0,0,0,0,0,0,0,0,0,0,0,0,0,0,0,0,0,0,0.10459999740123749
1,0,0,0,0,8,0,0,64,3,6,0,0,0,0,6,0,0,0,0,7,0,2,128,5,8,1,0,128,5,7,5,5,64,5,8,6,5,128,1,8,2,5,32,5,7,3,8,32,5,8,8,9,128,3,7,9,9,32,3,8,11,5,128,1,5,7,4,0,0,7,10,10,128,5,7,13,13,128,5,6,15,12,0,0,8,16,13,64,1,7,17,15,32,5,6,14,18,0,0,8,19,17,32,3,2,20,18,0,0,0,0,0,0,0,0,0,0,0,0,0,0,0,0,0,0,0,0,0,0,0,0,0,0,0,0,0,0,0,0,0,0,0,0,0,0,0,0,0,0,0.0
1,0,0,0,0,8,0,0,128,5,7,1,1,32,5,7,2,1,64,5,7,3,3,128,1,8,4,3,32,3,2,5,3,0,0,0,0,0,0,0,0,0,0,0,0,0,0,0,0,0,0,0,0,0,0,0,0,0,0,0,0,0,0,0,0,0,0,0,0,0,0,0,0,0,0,0,0,0,0,0,0,0,0,0,0,0,0,0,0,0,0,0,0,0,0,0,0,0,0,0,0,0,0,0,0,0,0,0,0,0,0,0,0,0,0,0,0,0,0,0,0,0,0,0,0,0,0,0,0,0,0,0,0,0,0,0,0,0,0,0,0,0,0,0,0,0,0,0,0,0,0.10459999740123749
1,0,0,0,0,7,0,0,64,3,7,0,0,64,5,5,1,2,0,0,7,0,2,32,1,6,3,4,0,0,8,5,5,64,5,7,6,6,64,5,7,7,7,128,1,8,8,7,32,3,2,9,7,0,0,0,0,0,0,0,0,0,0,0,0,0,0,0,0,0,0,0,0,0,0,0,0,0,0,0,0,0,0,0,0,0,0,0,0,0,0,0,0,0,0,0,0,0,0,0,0,0,0,0,0,0,0,0,0,0,0,0,0,0,0,0,0,0,0,0,0,0,0,0,0,0,0,0,0,0,0,0,0,0,0,0,0,0,0,0,0,0,0,0,0,0,0,0,0,0,0.8011999726295471
1,0,0,0,0,8,0,0,128,5,7,1,1,32,5,7,2,1,64,5,7,3,3,128,5,8,4,3,32,3,2,5,3,0,0,0,0,0,0,0,0,0,0,0,0,0,0,0,0,0,0,0,0,0,0,0,0,0,0,0,0,0,0,0,0,0,0,0,0,0,0,0,0,0,0,0,0,0,0,0,0,0,0,0,0,0,0,0,0,0,0,0,0,0,0,0,0,0,0,0,0,0,0,0,0,0,0,0,0,0,0,0,0,0,0,0,0,0,0,0,0,0,0,0,0,0,0,0,0,0,0,0,0,0,0,0,0,0,0,0,0,0,0,0,0,0,0,0,0,0,0.10459999740123749
1,0,0,0,0,7,0,0,64,3,7,0,0,64,5,5,1,2,0,0,7,0,2,32,1,6,3,4,0,0,8,5,5,64,5,7,6,6,64,5,7,7,7,128,1,8,8,7,32,3,2,9,7,0,0,0,0,0,0,0,0,0,0,0,0,0,0,0,0,0,0,0,0,0,0,0,0,0,0,0,0,0,0,0,0,0,0,0,0,0,0,0,0,0,0,0,0,0,0,0,0,0,0,0,0,0,0,0,0,0,0,0,0,0,0,0,0,0,0,0,0,0,0,0,0,0,0,0,0,0,0,0,0,0,0,0,0,0,0,0,0,0,0,0,0,0,0,0,0,0,0.8011999726295471
1,0,0,0,0,7,0,0,64,3,8,0,0,64,1,5,1,2,0,0,7,0,0,32,1,6,3,4,0,0,8,5,5,64,5,7,6,5,64,5,7,7,7,128,1,8,8,7,32,3,2,9,7,0,0,0,0,0,0,0,0,0,0,0,0,0,0,0,0,0,0,0,0,0,0,0,0,0,0,0,0,0,0,0,0,0,0,0,0,0,0,0,0,0,0,0,0,0,0,0,0,0,0,0,0,0,0,0,0,0,0,0,0,0,0,0,0,0,0,0,0,0,0,0,0,0,0,0,0,0,0,0,0,0,0,0,0,0,0,0,0,0,0,0,0,0,0,0,0,0,0.7411999702453613
1,0,0,0,0,6,0,0,0,0,7,0,0,64,5,8,2,0,32,1,6,1,3,0,0,7,4,3,128,3,7,5,5,128,5,8,6,6,32,1,8,7,6,32,3,2,8,6,0,0,0,0,0,0,0,0,0,0,0,0,0,0,0,0,0,0,0,0,0,0,0,0,0,0,0,0,0,0,0,0,0,0,0,0,0,0,0,0,0,0,0,0,0,0,0,0,0,0,0,0,0,0,0,0,0,0,0,0,0,0,0,0,0,0,0,0,0,0,0,0,0,0,0,0,0,0,0,0,0,0,0,0,0,0,0,0,0,0,0,0,0,0,0,0,0,0,0,0,0,0,0.698199987411499
1,0,0,0,0,7,0,0,64,3,7,0,0,64,5,5,1,2,0,0,7,0,2,32,1,6,3,4,0,0,8,5,5,64,5,7,6,6,64,5,7,7,7,128,1,8,8,7,32,3,2,9,7,0,0,0,0,0,0,0,0,0,0,0,0,0,0,0,0,0,0,0,0,0,0,0,0,0,0,0,0,0,0,0,0,0,0,0,0,0,0,0,0,0,0,0,0,0,0,0,0,0,0,0,0,0,0,0,0,0,0,0,0,0,0,0,0,0,0,0,0,0,0,0,0,0,0,0,0,0,0,0,0,0,0,0,0,0,0,0,0,0,0,0,0,0,0,0,0,0,0.8011999726295471
1,0,0,0,0,8,0,0,64,3,8,1,0,128,5,7,0,1,32,1,7,2,3,32,1,6,4,3,0,0,3,5,5,0,0,7,6,6,64,5,8,7,7,64,5,8,8,7,32,3,2,9,7,0,0,0,0,0,0,0,0,0,0,0,0,0,0,0,0,0,0,0,0,0,0,0,0,0,0,0,0,0,0,0,0,0,0,0,0,0,0,0,0,0,0,0,0,0,0,0,0,0,0,0,0,0,0,0,0,0,0,0,0,0,0,0,0,0,0,0,0,0,0,0,0,0,0,0,0,0,0,0,0,0,0,0,0,0,0,0,0,0,0,0,0,0,0,0,0,0,0.8898000121116638
1,0,0,0,0,8,0,0,128,5,7,1,0,32,1,8,2,0,32,1,8,3,3,64,5,7,4,4,64,5,7,5,5,128,1,8,6,5,32,3,2,7,5,0,0,0,0,0,0,0,0,0,0,0,0,0,0,0,0,0,0,0,0,0,0,0,0,0,0,0,0,0,0,0,0,0,0,0,0,0,0,0,0,0,0,0,0,0,0,0,0,0,0,0,0,0,0,0,0,0,0,0,0,0,0,0,0,0,0,0,0,0,0,0,0,0,0,0,0,0,0,0,0,0,0,0,0,0,0,0,0,0,0,0,0,0,0,0,0,0,0,0,0,0,0,0,0,0,0,0,0.8582000136375427
1,0,0,0,0,8,0,0,64,3,8,1,0,128,5,7,0,1,32,1,7,2,3,32,1,6,4,3,0,0,3,5,5,0,0,7,6,6,64,5,8,7,7,64,5,8,8,7,32,3,2,9,7,0,0,0,0,0,0,0,0,0,0,0,0,0,0,0,0,0,0,0,0,0,0,0,0,0,0,0,0,0,0,0,0,0,0,0,0,0,0,0,0,0,0,0,0,0,0,0,0,0,0,0,0,0,0,0,0,0,0,0,0,0,0,0,0,0,0,0,0,0,0,0,0,0,0,0,0,0,0,0,0,0,0,0,0,0,0,0,0,0,0,0,0,0,0,0,0,0,0.8898000121116638
1,0,0,0,0,8,0,0,64,3,7,0,0,64,3,8,1,1,128,5,7,0,1,32,1,8,2,0,32,1,6,3,5,0,0,6,6,4,0,0,3,7,7,0,0,7,8,7,64,5,8,9,9,64,5,8,10,9,32,3,2,11,9,0,0,0,0,0,0,0,0,0,0,0,0,0,0,0,0,0,0,0,0,0,0,0,0,0,0,0,0,0,0,0,0,0,0,0,0,0,0,0,0,0,0,0,0,0,0,0,0,0,0,0,0,0,0,0,0,0,0,0,0,0,0,0,0,0,0,0,0,0,0,0,0,0,0,0,0,0,0,0,0,0,0,0,0,0,0,0,0.9047999978065491
1,0,0,0,0,7,0,0,64,5,7,0,0,128,5,8,1,0,32,1,6,2,3,0,0,7,4,3,128,3,8,5,5,64,1,8,6,6,32,1,8,7,6,32,3,2,8,6,0,0,0,0,0,0,0,0,0,0,0,0,0,0,0,0,0,0,0,0,0,0,0,0,0,0,0,0,0,0,0,0,0,0,0,0,0,0,0,0,0,0,0,0,0,0,0,0,0,0,0,0,0,0,0,0,0,0,0,0,0,0,0,0,0,0,0,0,0,0,0,0,0,0,0,0,0,0,0,0,0,0,0,0,0,0,0,0,0,0,0,0,0,0,0,0,0,0,0,0,0,0,0.6980000138282776
1,0,0,0,0,8,0,0,64,3,7,0,0,64,3,8,1,1,128,5,7,0,1,32,1,8,2,0,32,1,6,3,5,0,0,6,6,4,0,0,3,7,7,0,0,7,8,7,64,5,8,9,9,64,5,8,10,9,32,3,2,11,9,0,0,0,0,0,0,0,0,0,0,0,0,0,0,0,0,0,0,0,0,0,0,0,0,0,0,0,0,0,0,0,0,0,0,0,0,0,0,0,0,0,0,0,0,0,0,0,0,0,0,0,0,0,0,0,0,0,0,0,0,0,0,0,0,0,0,0,0,0,0,0,0,0,0,0,0,0,0,0,0,0,0,0,0,0,0,0,0.9047999978065491
1,0,0,0,0,7,0,0,64,5,8,1,1,64,3,7,2,1,64,5,7,3,3,32,3,7,4,4,128,3,8,5,4,32,3,2,6,5,0,0,0,0,0,0,0,0,0,0,0,0,0,0,0,0,0,0,0,0,0,0,0,0,0,0,0,0,0,0,0,0,0,0,0,0,0,0,0,0,0,0,0,0,0,0,0,0,0,0,0,0,0,0,0,0,0,0,0,0,0,0,0,0,0,0,0,0,0,0,0,0,0,0,0,0,0,0,0,0,0,0,0,0,0,0,0,0,0,0,0,0,0,0,0,0,0,0,0,0,0,0,0,0,0,0,0,0,0,0,0,0,0.09939999878406525
1,0,0,0,0,8,0,0,64,3,7,0,0,64,3,8,0,0,128,5,8,1,1,128,5,7,3,0,64,1,8,2,0,32,1,6,4,6,0,0,6,7,5,0,0,8,8,7,64,1,7,9,8,64,5,8,10,10,64,5,8,11,10,32,3,2,12,10,0,0,0,0,0,0,0,0,0,0,0,0,0,0,0,0,0,0,0,0,0,0,0,0,0,0,0,0,0,0,0,0,0,0,0,0,0,0,0,0,0,0,0,0,0,0,0,0,0,0,0,0,0,0,0,0,0,0,0,0,0,0,0,0,0,0,0,0,0,0,0,0,0,0,0,0,0,0,0,0,0,0,0.6385999917984009
1,0,0,0,0,8,0,0,64,3,7,0,0,64,3,8,1,1,128,5,7,0,1,32,1,8,2,1,32,1,6,3,5,0,0,6,6,4,0,0,3,7,7,0,0,7,8,7,64,5,8,9,9,64,5,8,10,9,32,3,2,11,9,0,0,0,0,0,0,0,0,0,0,0,0,0,0,0,0,0,0,0,0,0,0,0,0,0,0,0,0,0,0,0,0,0,0,0,0,0,0,0,0,0,0,0,0,0,0,0,0,0,0,0,0,0,0,0,0,0,0,0,0,0,0,0,0,0,0,0,0,0,0,0,0,0,0,0,0,0,0,0,0,0,0,0,0,0,0,0,0.9047999978065491
1,0,0,0,0,8,0,0,32,5,8,1,1,128,5,7,0,1,32,1,8,2,3,32,1,6,4,3,0,0,3,5,5,0,0,7,6,5,64,5,8,7,7,64,5,8,8,7,32,3,2,9,7,0,0,0,0,0,0,0,0,0,0,0,0,0,0,0,0,0,0,0,0,0,0,0,0,0,0,0,0,0,0,0,0,0,0,0,0,0,0,0,0,0,0,0,0,0,0,0,0,0,0,0,0,0,0,0,0,0,0,0,0,0,0,0,0,0,0,0,0,0,0,0,0,0,0,0,0,0,0,0,0,0,0,0,0,0,0,0,0,0,0,0,0,0,0,0,0,0,0.8877999782562256
1,0,0,0,0,7,0,0,64,3,5,0,0,0,0,7,0,2,32,1,8,1,0,32,1,6,2,4,0,0,6,5,3,0,0,3,6,6,0,0,7,7,6,64,5,8,8,8,64,5,8,9,8,32,3,2,10,8,0,0,0,0,0,0,0,0,0,0,0,0,0,0,0,0,0,0,0,0,0,0,0,0,0,0,0,0,0,0,0,0,0,0,0,0,0,0,0,0,0,0,0,0,0,0,0,0,0,0,0,0,0,0,0,0,0,0,0,0,0,0,0,0,0,0,0,0,0,0,0,0,0,0,0,0,0,0,0,0,0,0,0,0,0,0,0,0,0,0,0,0,0.8708000183105469
1,0,0,0,0,8,0,0,64,3,7,0,0,64,3,8,1,1,128,5,7,0,1,32,1,8,2,2,32,1,6,3,5,0,0,6,6,4,0,0,3,7,7,0,0,7,8,8,64,5,8,9,9,64,5,8,10,9,32,3,2,11,9,0,0,0,0,0,0,0,0,0,0,0,0,0,0,0,0,0,0,0,0,0,0,0,0,0,0,0,0,0,0,0,0,0,0,0,0,0,0,0,0,0,0,0,0,0,0,0,0,0,0,0,0,0,0,0,0,0,0,0,0,0,0,0,0,0,0,0,0,0,0,0,0,0,0,0,0,0,0,0,0,0,0,0,0,0,0,0,0.9047999978065491
1,0,0,0,0,7,0,0,64,3,5,0,0,0,0,7,0,2,32,1,8,1,1,32,1,6,2,4,0,0,6,5,3,0,0,3,6,6,0,0,7,7,7,64,5,8,8,8,64,5,8,9,8,32,3,2,10,8,0,0,0,0,0,0,0,0,0,0,0,0,0,0,0,0,0,0,0,0,0,0,0,0,0,0,0,0,0,0,0,0,0,0,0,0,0,0,0,0,0,0,0,0,0,0,0,0,0,0,0,0,0,0,0,0,0,0,0,0,0,0,0,0,0,0,0,0,0,0,0,0,0,0,0,0,0,0,0,0,0,0,0,0,0,0,0,0,0,0,0,0,0.8629999756813049
1,0,0,0,0,7,0,0,32,1,7,1,0,32,5,7,2,2,128,1,7,3,2,64,5,7,4,4,32,5,7,5,5,64,3,8,6,5,32,3,2,7,5,0,0,0,0,0,0,0,0,0,0,0,0,0,0,0,0,0,0,0,0,0,0,0,0,0,0,0,0,0,0,0,0,0,0,0,0,0,0,0,0,0,0,0,0,0,0,0,0,0,0,0,0,0,0,0,0,0,0,0,0,0,0,0,0,0,0,0,0,0,0,0,0,0,0,0,0,0,0,0,0,0,0,0,0,0,0,0,0,0,0,0,0,0,0,0,0,0,0,0,0,0,0,0,0,0,0,0,0.5741999745368958
1,0,0,0,0,8,0,0,64,3,7,0,0,64,3,8,1,1,128,5,7,0,1,32,1,8,2,2,32,1,6,3,5,0,0,6,6,4,0,0,3,7,7,0,0,7,8,8,64,5,8,9,9,64,5,8,10,9,32,3,2,11,9,0,0,0,0,0,0,0,0,0,0,0,0,0,0,0,0,0,0,0,0,0,0,0,0,0,0,0,0,0,0,0,0,0,0,0,0,0,0,0,0,0,0,0,0,0,0,0,0,0,0,0,0,0,0,0,0,0,0,0,0,0,0,0,0,0,0,0,0,0,0,0,0,0,0,0,0,0,0,0,0,0,0,0,0,0,0,0,0.9047999978065491
1,0,0,0,0,8,0,0,64,3,7,0,0,64,3,7,1,1,128,5,7,0,1,32,1,8,2,2,32,1,6,3,5,0,0,6,6,4,0,0,3,7,7,0,0,7,8,8,64,5,8,9,9,64,5,8,10,9,32,3,2,11,9,0,0,0,0,0,0,0,0,0,0,0,0,0,0,0,0,0,0,0,0,0,0,0,0,0,0,0,0,0,0,0,0,0,0,0,0,0,0,0,0,0,0,0,0,0,0,0,0,0,0,0,0,0,0,0,0,0,0,0,0,0,0,0,0,0,0,0,0,0,0,0,0,0,0,0,0,0,0,0,0,0,0,0,0,0,0,0,0.8715999722480774
1,0,0,0,0,7,0,0,64,3,5,0,0,0,0,7,0,0,32,1,8,1,1,32,1,6,2,4,0,0,6,5,3,0,0,3,6,6,0,0,7,7,7,64,5,8,8,8,64,5,8,9,8,32,3,2,10,8,0,0,0,0,0,0,0,0,0,0,0,0,0,0,0,0,0,0,0,0,0,0,0,0,0,0,0,0,0,0,0,0,0,0,0,0,0,0,0,0,0,0,0,0,0,0,0,0,0,0,0,0,0,0,0,0,0,0,0,0,0,0,0,0,0,0,0,0,0,0,0,0,0,0,0,0,0,0,0,0,0,0,0,0,0,0,0,0,0,0,0,0,0.871399998664856
1,0,0,0,0,8,0,0,64,3,7,0,0,64,3,8,1,1,128,5,7,0,1,32,1,8,2,1,32,1,6,3,5,0,0,6,6,4,0,0,3,7,7,0,0,7,8,8,64,5,8,9,9,64,5,8,10,9,32,3,2,11,9,0,0,0,0,0,0,0,0,0,0,0,0,0,0,0,0,0,0,0,0,0,0,0,0,0,0,0,0,0,0,0,0,0,0,0,0,0,0,0,0,0,0,0,0,0,0,0,0,0,0,0,0,0,0,0,0,0,0,0,0,0,0,0,0,0,0,0,0,0,0,0,0,0,0,0,0,0,0,0,0,0,0,0,0,0,0,0,0.9047999978065491
1,0,0,0,0,7,0,0,64,3,8,1,0,32,1,6,2,0,0,0,3,3,3,0,0,3,4,4,0,0,8,5,5,64,5,8,6,5,32,3,2,7,5,0,0,0,0,0,0,0,0,0,0,0,0,0,0,0,0,0,0,0,0,0,0,0,0,0,0,0,0,0,0,0,0,0,0,0,0,0,0,0,0,0,0,0,0,0,0,0,0,0,0,0,0,0,0,0,0,0,0,0,0,0,0,0,0,0,0,0,0,0,0,0,0,0,0,0,0,0,0,0,0,0,0,0,0,0,0,0,0,0,0,0,0,0,0,0,0,0,0,0,0,0,0,0,0,0,0,0,0.8447999954223633
1,0,0,0,0,7,0,0,64,3,5,0,0,0,0,7,0,2,32,1,8,1,0,32,1,6,2,4,0,0,6,5,3,0,0,3,6,6,0,0,7,7,7,64,5,8,8,8,64,5,8,9,8,32,3,2,10,8,0,0,0,0,0,0,0,0,0,0,0,0,0,0,0,0,0,0,0,0,0,0,0,0,0,0,0,0,0,0,0,0,0,0,0,0,0,0,0,0,0,0,0,0,0,0,0,0,0,0,0,0,0,0,0,0,0,0,0,0,0,0,0,0,0,0,0,0,0,0,0,0,0,0,0,0,0,0,0,0,0,0,0,0,0,0,0,0,0,0,0,0,0.8679999709129333
1,0,0,0,0,8,0,0,64,3,7,0,0,64,3,8,1,1,128,5,7,0,1,32,1,8,2,1,32,1,6,3,5,0,0,6,6,4,0,0,3,7,7,0,0,7,8,8,64,5,8,9,9,64,5,8,10,9,32,3,2,11,9,0,0,0,0,0,0,0,0,0,0,0,0,0,0,0,0,0,0,0,0,0,0,0,0,0,0,0,0,0,0,0,0,0,0,0,0,0,0,0,0,0,0,0,0,0,0,0,0,0,0,0,0,0,0,0,0,0,0,0,0,0,0,0,0,0,0,0,0,0,0,0,0,0,0,0,0,0,0,0,0,0,0,0,0,0,0,0,0.9047999978065491
1,0,0,0,0,7,0,0,64,3,7,0,0,32,1,8,1,0,32,1,6,0,3,0,0,6,4,2,0,0,3,5,0,0,0,7,6,6,64,5,8,7,7,64,5,8,8,7,32,3,2,9,7,0,0,0,0,0,0,0,0,0,0,0,0,0,0,0,0,0,0,0,0,0,0,0,0,0,0,0,0,0,0,0,0,0,0,0,0,0,0,0,0,0,0,0,0,0,0,0,0,0,0,0,0,0,0,0,0,0,0,0,0,0,0,0,0,0,0,0,0,0,0,0,0,0,0,0,0,0,0,0,0,0,0,0,0,0,0,0,0,0,0,0,0,0,0,0,0,0,0.8715999722480774
1,0,0,0,0,7,0,0,64,3,7,1,0,64,1,8,2,2,64,5,7,3,2,64,5,8,4,4,32,5,7,5,5,64,3,8,6,5,32,3,2,7,5,0,0,0,0,0,0,0,0,0,0,0,0,0,0,0,0,0,0,0,0,0,0,0,0,0,0,0,0,0,0,0,0,0,0,0,0,0,0,0,0,0,0,0,0,0,0,0,0,0,0,0,0,0,0,0,0,0,0,0,0,0,0,0,0,0,0,0,0,0,0,0,0,0,0,0,0,0,0,0,0,0,0,0,0,0,0,0,0,0,0,0,0,0,0,0,0,0,0,0,0,0,0,0,0,0,0,0,0.6597999930381775
1,0,0,0,0,8,0,0,64,3,7,0,0,64,3,8,1,1,128,5,7,0,1,32,1,8,2,2,32,1,6,3,5,0,0,6,6,4,0,0,3,7,7,0,0,7,8,8,64,5,8,9,9,64,5,8,10,9,32,3,2,11,9,0,0,0,0,0,0,0,0,0,0,0,0,0,0,0,0,0,0,0,0,0,0,0,0,0,0,0,0,0,0,0,0,0,0,0,0,0,0,0,0,0,0,0,0,0,0,0,0,0,0,0,0,0,0,0,0,0,0,0,0,0,0,0,0,0,0,0,0,0,0,0,0,0,0,0,0,0,0,0,0,0,0,0,0,0,0,0,0.9047999978065491
1,0,0,0,0,7,0,0,64,3,8,0,0,128,5,7,0,2,32,1,8,1,1,32,1,6,2,4,0,0,6,5,3,0,0,3,6,6,0,0,7,7,7,64,5,8,8,8,64,5,8,9,8,32,3,2,10,8,0,0,0,0,0,0,0,0,0,0,0,0,0,0,0,0,0,0,0,0,0,0,0,0,0,0,0,0,0,0,0,0,0,0,0,0,0,0,0,0,0,0,0,0,0,0,0,0,0,0,0,0,0,0,0,0,0,0,0,0,0,0,0,0,0,0,0,0,0,0,0,0,0,0,0,0,0,0,0,0,0,0,0,0,0,0,0,0,0,0,0,0,0.8751999735832214
1,0,0,0,0,8,0,0,64,3,7,1,1,32,1,7,2,0,128,1,3,3,1,0,0,7,4,4,64,5,8,5,5,64,5,8,6,5,32,3,2,7,5,0,0,0,0,0,0,0,0,0,0,0,0,0,0,0,0,0,0,0,0,0,0,0,0,0,0,0,0,0,0,0,0,0,0,0,0,0,0,0,0,0,0,0,0,0,0,0,0,0,0,0,0,0,0,0,0,0,0,0,0,0,0,0,0,0,0,0,0,0,0,0,0,0,0,0,0,0,0,0,0,0,0,0,0,0,0,0,0,0,0,0,0,0,0,0,0,0,0,0,0,0,0,0,0,0,0,0,0.8862000107765198
1,0,0,0,0,8,0,0,64,3,7,0,0,64,3,8,1,1,128,5,7,0,1,32,1,8,2,2,32,1,6,3,5,0,0,6,6,4,0,0,3,7,7,0,0,7,8,8,64,5,8,9,9,64,5,8,10,9,32,3,2,11,9,0,0,0,0,0,0,0,0,0,0,0,0,0,0,0,0,0,0,0,0,0,0,0,0,0,0,0,0,0,0,0,0,0,0,0,0,0,0,0,0,0,0,0,0,0,0,0,0,0,0,0,0,0,0,0,0,0,0,0,0,0,0,0,0,0,0,0,0,0,0,0,0,0,0,0,0,0,0,0,0,0,0,0,0,0,0,0,0.9047999978065491
1,0,0,0,0,8,0,0,64,3,8,1,1,128,5,7,0,1,32,1,8,0,1,32,1,6,2,4,0,0,6,5,3,0,0,3,6,6,0,0,7,7,7,64,5,8,8,8,64,5,8,9,8,32,3,2,10,8,0,0,0,0,0,0,0,0,0,0,0,0,0,0,0,0,0,0,0,0,0,0,0,0,0,0,0,0,0,0,0,0,0,0,0,0,0,0,0,0,0,0,0,0,0,0,0,0,0,0,0,0,0,0,0,0,0,0,0,0,0,0,0,0,0,0,0,0,0,0,0,0,0,0,0,0,0,0,0,0,0,0,0,0,0,0,0,0,0,0,0,0,0.9003999829292297
1,0,0,0,0,7,0,0,64,3,7,0,0,32,1,8,1,1,32,1,6,0,3,0,0,6,4,2,0,0,3,5,0,0,0,7,6,6,64,5,8,7,7,64,5,8,8,7,32,3,2,9,7,0,0,0,0,0,0,0,0,0,0,0,0,0,0,0,0,0,0,0,0,0,0,0,0,0,0,0,0,0,0,0,0,0,0,0,0,0,0,0,0,0,0,0,0,0,0,0,0,0,0,0,0,0,0,0,0,0,0,0,0,0,0,0,0,0,0,0,0,0,0,0,0,0,0,0,0,0,0,0,0,0,0,0,0,0,0,0,0,0,0,0,0,0,0,0,0,0,0.8766000270843506
1,0,0,0,0,8,0,0,64,3,7,0,0,64,3,8,1,1,128,5,7,0,1,32,1,8,2,1,32,1,6,3,5,0,0,6,6,4,0,0,3,7,7,0,0,7,8,8,64,5,8,9,9,64,5,8,10,9,32,3,2,11,9,0,0,0,0,0,0,0,0,0,0,0,0,0,0,0,0,0,0,0,0,0,0,0,0,0,0,0,0,0,0,0,0,0,0,0,0,0,0,0,0,0,0,0,0,0,0,0,0,0,0,0,0,0,0,0,0,0,0,0,0,0,0,0,0,0,0,0,0,0,0,0,0,0,0,0,0,0,0,0,0,0,0,0,0,0,0,0,0.9047999978065491
1,0,0,0,0,7,0,0,64,3,7,0,0,32,1,8,1,0,32,1,6,0,3,0,0,6,4,2,0,0,3,5,0,0,0,7,6,6,64,5,8,7,7,64,5,8,8,7,32,3,2,9,7,0,0,0,0,0,0,0,0,0,0,0,0,0,0,0,0,0,0,0,0,0,0,0,0,0,0,0,0,0,0,0,0,0,0,0,0,0,0,0,0,0,0,0,0,0,0,0,0,0,0,0,0,0,0,0,0,0,0,0,0,0,0,0,0,0,0,0,0,0,0,0,0,0,0,0,0,0,0,0,0,0,0,0,0,0,0,0,0,0,0,0,0,0,0,0,0,0,0.8718000054359436
1,0,0,0,0,7,0,0,64,3,7,1,0,64,1,8,2,2,64,5,8,3,3,128,3,4,4,4,0,0,8,5,3,32,5,8,6,6,32,1,8,7,6,32,3,2,8,6,0,0,0,0,0,0,0,0,0,0,0,0,0,0,0,0,0,0,0,0,0,0,0,0,0,0,0,0,0,0,0,0,0,0,0,0,0,0,0,0,0,0,0,0,0,0,0,0,0,0,0,0,0,0,0,0,0,0,0,0,0,0,0,0,0,0,0,0,0,0,0,0,0,0,0,0,0,0,0,0,0,0,0,0,0,0,0,0,0,0,0,0,0,0,0,0,0,0,0,0,0,0,0.881600022315979
1,0,0,0,0,8,0,0,64,3,7,0,0,64,3,8,1,1,128,5,7,0,1,32,1,8,2,2,32,1,6,3,5,0,0,6,6,4,0,0,3,7,7,0,0,7,8,8,64,5,8,9,9,64,5,8,10,9,32,3,2,11,9,0,0,0,0,0,0,0,0,0,0,0,0,0,0,0,0,0,0,0,0,0,0,0,0,0,0,0,0,0,0,0,0,0,0,0,0,0,0,0,0,0,0,0,0,0,0,0,0,0,0,0,0,0,0,0,0,0,0,0,0,0,0,0,0,0,0,0,0,0,0,0,0,0,0,0,0,0,0,0,0,0,0,0,0,0,0,0,0.9047999978065491
1,0,0,0,0,7,0,0,64,3,7,0,0,32,1,8,1,1,32,1,6,0,3,0,0,6,4,2,0,0,3,5,0,0,0,7,6,6,64,5,8,7,7,64,5,8,8,7,32,3,2,9,7,0,0,0,0,0,0,0,0,0,0,0,0,0,0,0,0,0,0,0,0,0,0,0,0,0,0,0,0,0,0,0,0,0,0,0,0,0,0,0,0,0,0,0,0,0,0,0,0,0,0,0,0,0,0,0,0,0,0,0,0,0,0,0,0,0,0,0,0,0,0,0,0,0,0,0,0,0,0,0,0,0,0,0,0,0,0,0,0,0,0,0,0,0,0,0,0,0,0.8708000183105469
1,0,0,0,0,8,0,0,32,3,8,1,1,32,3,8,2,1,64,3,8,3,3,32,3,7,4,4,64,5,8,5,5,64,5,8,6,6,32,3,2,7,5,0,0,0,0,0,0,0,0,0,0,0,0,0,0,0,0,0,0,0,0,0,0,0,0,0,0,0,0,0,0,0,0,0,0,0,0,0,0,0,0,0,0,0,0,0,0,0,0,0,0,0,0,0,0,0,0,0,0,0,0,0,0,0,0,0,0,0,0,0,0,0,0,0,0,0,0,0,0,0,0,0,0,0,0,0,0,0,0,0,0,0,0,0,0,0,0,0,0,0,0,0,0,0,0,0,0,0,0.6556000113487244
1,0,0,0,0,8,0,0,64,3,7,0,0,64,3,8,1,1,128,5,7,0,1,32,1,8,2,1,32,1,6,3,5,0,0,6,6,4,0,0,3,7,7,0,0,7,8,8,64,5,8,9,9,64,5,8,10,9,32,3,2,11,9,0,0,0,0,0,0,0,0,0,0,0,0,0,0,0,0,0,0,0,0,0,0,0,0,0,0,0,0,0,0,0,0,0,0,0,0,0,0,0,0,0,0,0,0,0,0,0,0,0,0,0,0,0,0,0,0,0,0,0,0,0,0,0,0,0,0,0,0,0,0,0,0,0,0,0,0,0,0,0,0,0,0,0,0,0,0,0,0.9047999978065491
1,0,0,0,0,7,0,0,32,5,7,0,0,128,5,7,0,0,32,1,6,2,1,0,0,6,4,3,0,0,3,5,5,0,0,7,6,6,64,5,8,7,7,64,5,8,8,7,32,3,2,9,9,0,0,0,0,0,0,0,0,0,0,0,0,0,0,0,0,0,0,0,0,0,0,0,0,0,0,0,0,0,0,0,0,0,0,0,0,0,0,0,0,0,0,0,0,0,0,0,0,0,0,0,0,0,0,0,0,0,0,0,0,0,0,0,0,0,0,0,0,0,0,0,0,0,0,0,0,0,0,0,0,0,0,0,0,0,0,0,0,0,0,0,0,0,0,0,0,0,0.8601999878883362
1,0,0,0,0,5,0,0,0,0,8,1,0,128,5,7,0,1,32,1,7,2,3,128,1,6,4,3,0,0,3,5,1,0,0,3,6,6,0,0,8,7,7,64,5,8,8,7,32,3,2,9,7,0,0,0,0,0,0,0,0,0,0,0,0,0,0,0,0,0,0,0,0,0,0,0,0,0,0,0,0,0,0,0,0,0,0,0,0,0,0,0,0,0,0,0,0,0,0,0,0,0,0,0,0,0,0,0,0,0,0,0,0,0,0,0,0,0,0,0,0,0,0,0,0,0,0,0,0,0,0,0,0,0,0,0,0,0,0,0,0,0,0,0,0,0,0,0,0,0,0.8704000115394592
1,0,0,0,0,8,0,0,64,3,7,0,0,64,3,8,1,1,128,5,7,0,1,32,1,8,2,1,32,1,6,3,5,0,0,6,6,4,0,0,3,7,7,0,0,7,8,8,64,5,8,9,9,64,5,8,10,9,32,3,2,11,9,0,0,0,0,0,0,0,0,0,0,0,0,0,0,0,0,0,0,0,0,0,0,0,0,0,0,0,0,0,0,0,0,0,0,0,0,0,0,0,0,0,0,0,0,0,0,0,0,0,0,0,0,0,0,0,0,0,0,0,0,0,0,0,0,0,0,0,0,0,0,0,0,0,0,0,0,0,0,0,0,0,0,0,0,0,0,0,0.9047999978065491
1,0,0,0,0,7,0,0,64,3,7,0,0,32,1,8,1,0,32,1,6,0,3,0,0,6,4,2,0,0,3,5,0,0,0,7,6,6,64,5,8,7,7,64,5,8,8,7,32,3,2,9,7,0,0,0,0,0,0,0,0,0,0,0,0,0,0,0,0,0,0,0,0,0,0,0,0,0,0,0,0,0,0,0,0,0,0,0,0,0,0,0,0,0,0,0,0,0,0,0,0,0,0,0,0,0,0,0,0,0,0,0,0,0,0,0,0,0,0,0,0,0,0,0,0,0,0,0,0,0,0,0,0,0,0,0,0,0,0,0,0,0,0,0,0,0,0,0,0,0,0.875
1,0,0,0,0,8,0,0,32,3,8,1,1,32,3,8,2,1,64,3,3,3,3,0,0,7,4,4,64,5,8,5,5,64,5,8,6,6,32,3,2,7,5,0,0,0,0,0,0,0,0,0,0,0,0,0,0,0,0,0,0,0,0,0,0,0,0,0,0,0,0,0,0,0,0,0,0,0,0,0,0,0,0,0,0,0,0,0,0,0,0,0,0,0,0,0,0,0,0,0,0,0,0,0,0,0,0,0,0,0,0,0,0,0,0,0,0,0,0,0,0,0,0,0,0,0,0,0,0,0,0,0,0,0,0,0,0,0,0,0,0,0,0,0,0,0,0,0,0,0,0.8870000243186951
1,0,0,0,0,8,0,0,64,3,7,0,0,64,3,8,1,1,128,5,7,0,1,32,1,8,2,2,32,1,6,3,5,0,0,6,6,4,0,0,3,7,7,0,0,7,8,8,64,5,8,9,9,64,5,8,10,9,32,3,2,11,9,0,0,0,0,0,0,0,0,0,0,0,0,0,0,0,0,0,0,0,0,0,0,0,0,0,0,0,0,0,0,0,0,0,0,0,0,0,0,0,0,0,0,0,0,0,0,0,0,0,0,0,0,0,0,0,0,0,0,0,0,0,0,0,0,0,0,0,0,0,0,0,0,0,0,0,0,0,0,0,0,0,0,0,0,0,0,0,0.9047999978065491
1,0,0,0,0,7,0,0,64,3,8,0,0,128,5,7,1,0,32,1,7,2,0,64,1,6,4,3,0,0,3,5,0,0,0,7,6,6,64,5,8,7,7,64,5,8,8,7,32,3,2,9,9,0,0,0,0,0,0,0,0,0,0,0,0,0,0,0,0,0,0,0,0,0,0,0,0,0,0,0,0,0,0,0,0,0,0,0,0,0,0,0,0,0,0,0,0,0,0,0,0,0,0,0,0,0,0,0,0,0,0,0,0,0,0,0,0,0,0,0,0,0,0,0,0,0,0,0,0,0,0,0,0,0,0,0,0,0,0,0,0,0,0,0,0,0,0,0,0,0,0.8766000270843506
1,0,0,0,0,7,0,0,128,5,3,1,1,0,0,7,2,2,64,5,8,3,3,64,5,2,4,3,0,0,0,0,0,0,0,0,0,0,0,0,0,0,0,0,0,0,0,0,0,0,0,0,0,0,0,0,0,0,0,0,0,0,0,0,0,0,0,0,0,0,0,0,0,0,0,0,0,0,0,0,0,0,0,0,0,0,0,0,0,0,0,0,0,0,0,0,0,0,0,0,0,0,0,0,0,0,0,0,0,0,0,0,0,0,0,0,0,0,0,0,0,0,0,0,0,0,0,0,0,0,0,0,0,0,0,0,0,0,0,0,0,0,0,0,0,0,0,0,0,0,0.8569999933242798
1,0,0,0,0,8,0,0,64,3,7,0,0,64,3,8,1,1,128,5,7,0,1,32,1,8,2,2,32,1,6,3,5,0,0,6,6,4,0,0,3,7,7,0,0,7,8,8,64,5,8,9,9,64,5,8,10,9,32,3,2,11,9,0,0,0,0,0,0,0,0,0,0,0,0,0,0,0,0,0,0,0,0,0,0,0,0,0,0,0,0,0,0,0,0,0,0,0,0,0,0,0,0,0,0,0,0,0,0,0,0,0,0,0,0,0,0,0,0,0,0,0,0,0,0,0,0,0,0,0,0,0,0,0,0,0,0,0,0,0,0,0,0,0,0,0,0,0,0,0,0.9047999978065491
1,0,0,0,0,7,0,0,32,5,7,0,0,128,5,7,0,0,32,1,6,2,1,0,0,6,4,3,0,0,3,5,5,0,0,7,6,6,64,5,8,7,7,64,5,8,8,7,32,3,2,9,9,0,0,0,0,0,0,0,0,0,0,0,0,0,0,0,0,0,0,0,0,0,0,0,0,0,0,0,0,0,0,0,0,0,0,0,0,0,0,0,0,0,0,0,0,0,0,0,0,0,0,0,0,0,0,0,0,0,0,0,0,0,0,0,0,0,0,0,0,0,0,0,0,0,0,0,0,0,0,0,0,0,0,0,0,0,0,0,0,0,0,0,0,0,0,0,0,0,0.8525999784469604
1,0,0,0,0,7,0,0,128,5,3,1,1,0,0,7,2,2,64,5,8,3,3,64,5,2,4,3,0,0,0,0,0,0,0,0,0,0,0,0,0,0,0,0,0,0,0,0,0,0,0,0,0,0,0,0,0,0,0,0,0,0,0,0,0,0,0,0,0,0,0,0,0,0,0,0,0,0,0,0,0,0,0,0,0,0,0,0,0,0,0,0,0,0,0,0,0,0,0,0,0,0,0,0,0,0,0,0,0,0,0,0,0,0,0,0,0,0,0,0,0,0,0,0,0,0,0,0,0,0,0,0,0,0,0,0,0,0,0,0,0,0,0,0,0,0,0,0,0,0,0.8618000149726868
1,0,0,0,0,8,0,0,64,3,7,0,0,64,3,8,1,1,128,5,7,0,1,32,1,8,2,1,32,1,6,3,5,0,0,6,6,4,0,0,3,7,7,0,0,7,8,8,64,5,8,9,9,64,5,8,10,9,32,3,2,11,9,0,0,0,0,0,0,0,0,0,0,0,0,0,0,0,0,0,0,0,0,0,0,0,0,0,0,0,0,0,0,0,0,0,0,0,0,0,0,0,0,0,0,0,0,0,0,0,0,0,0,0,0,0,0,0,0,0,0,0,0,0,0,0,0,0,0,0,0,0,0,0,0,0,0,0,0,0,0,0,0,0,0,0,0,0,0,0,0.9047999978065491
1,0,0,0,0,7,0,0,32,5,7,0,0,32,1,7,1,0,64,1,6,3,2,0,0,3,4,0,0,0,7,5,5,64,5,8,6,6,64,5,8,7,6,32,3,2,8,8,0,0,0,0,0,0,0,0,0,0,0,0,0,0,0,0,0,0,0,0,0,0,0,0,0,0,0,0,0,0,0,0,0,0,0,0,0,0,0,0,0,0,0,0,0,0,0,0,0,0,0,0,0,0,0,0,0,0,0,0,0,0,0,0,0,0,0,0,0,0,0,0,0,0,0,0,0,0,0,0,0,0,0,0,0,0,0,0,0,0,0,0,0,0,0,0,0,0,0,0,0,0,0.8637999892234802
1,0,0,0,0,8,0,0,128,5,8,1,0,128,5,7,0,1,32,1,7,2,3,128,1,6,4,3,0,0,3,5,1,0,0,3,6,6,0,0,8,7,7,64,5,8,8,7,32,3,2,9,7,0,0,0,0,0,0,0,0,0,0,0,0,0,0,0,0,0,0,0,0,0,0,0,0,0,0,0,0,0,0,0,0,0,0,0,0,0,0,0,0,0,0,0,0,0,0,0,0,0,0,0,0,0,0,0,0,0,0,0,0,0,0,0,0,0,0,0,0,0,0,0,0,0,0,0,0,0,0,0,0,0,0,0,0,0,0,0,0,0,0,0,0,0,0,0,0,0,0.8871999979019165
1,0,0,0,0,8,0,0,64,3,7,0,0,64,3,8,1,1,128,5,7,0,1,32,1,8,2,1,32,1,6,3,5,0,0,6,6,4,0,0,3,7,7,0,0,7,8,8,64,5,8,9,9,64,5,8,10,9,32,3,2,11,9,0,0,0,0,0,0,0,0,0,0,0,0,0,0,0,0,0,0,0,0,0,0,0,0,0,0,0,0,0,0,0,0,0,0,0,0,0,0,0,0,0,0,0,0,0,0,0,0,0,0,0,0,0,0,0,0,0,0,0,0,0,0,0,0,0,0,0,0,0,0,0,0,0,0,0,0,0,0,0,0,0,0,0,0,0,0,0,0.9047999978065491
1,0,0,0,0,8,0,0,64,3,8,1,1,128,5,6,2,2,0,0,8,3,2,128,5,3,4,4,0,0,3,5,5,0,0,8,6,6,64,5,8,7,6,32,3,2,8,6,0,0,0,0,0,0,0,0,0,0,0,0,0,0,0,0,0,0,0,0,0,0,0,0,0,0,0,0,0,0,0,0,0,0,0,0,0,0,0,0,0,0,0,0,0,0,0,0,0,0,0,0,0,0,0,0,0,0,0,0,0,0,0,0,0,0,0,0,0,0,0,0,0,0,0,0,0,0,0,0,0,0,0,0,0,0,0,0,0,0,0,0,0,0,0,0,0,0,0,0,0,0,0.8831999897956848
1,0,0,0,0,7,0,0,64,3,8,0,0,128,5,7,0,2,32,1,8,1,0,32,1,6,2,4,0,0,6,5,3,0,0,3,6,6,0,0,7,7,7,128,1,8,8,8,64,5,8,9,8,32,3,2,10,8,0,0,0,0,0,0,0,0,0,0,0,0,0,0,0,0,0,0,0,0,0,0,0,0,0,0,0,0,0,0,0,0,0,0,0,0,0,0,0,0,0,0,0,0,0,0,0,0,0,0,0,0,0,0,0,0,0,0,0,0,0,0,0,0,0,0,0,0,0,0,0,0,0,0,0,0,0,0,0,0,0,0,0,0,0,0,0,0,0,0,0,0,0.8733999729156494
1,0,0,0,0,8,0,0,64,3,7,0,0,64,3,8,1,1,128,5,7,0,1,32,1,8,2,2,32,1,6,3,5,0,0,6,6,4,0,0,3,7,7,0,0,7,8,8,64,5,8,9,9,64,5,8,10,9,32,3,2,11,9,0,0,0,0,0,0,0,0,0,0,0,0,0,0,0,0,0,0,0,0,0,0,0,0,0,0,0,0,0,0,0,0,0,0,0,0,0,0,0,0,0,0,0,0,0,0,0,0,0,0,0,0,0,0,0,0,0,0,0,0,0,0,0,0,0,0,0,0,0,0,0,0,0,0,0,0,0,0,0,0,0,0,0,0,0,0,0,0.9047999978065491
1,0,0,0,0,7,0,0,64,3,7,1,0,64,1,8,2,1,64,5,7,3,3,64,1,7,4,4,64,1,2,5,5,0,0,0,0,0,0,0,0,0,0,0,0,0,0,0,0,0,0,0,0,0,0,0,0,0,0,0,0,0,0,0,0,0,0,0,0,0,0,0,0,0,0,0,0,0,0,0,0,0,0,0,0,0,0,0,0,0,0,0,0,0,0,0,0,0,0,0,0,0,0,0,0,0,0,0,0,0,0,0,0,0,0,0,0,0,0,0,0,0,0,0,0,0,0,0,0,0,0,0,0,0,0,0,0,0,0,0,0,0,0,0,0,0,0,0,0,0,0.8288000226020813
1,0,0,0,0,7,0,0,32,1,7,1,0,128,1,8,2,2,32,3,7,3,3,64,5,8,4,4,64,5,8,5,5,32,3,2,6,4,0,0,0,0,0,0,0,0,0,0,0,0,0,0,0,0,0,0,0,0,0,0,0,0,0,0,0,0,0,0,0,0,0,0,0,0,0,0,0,0,0,0,0,0,0,0,0,0,0,0,0,0,0,0,0,0,0,0,0,0,0,0,0,0,0,0,0,0,0,0,0,0,0,0,0,0,0,0,0,0,0,0,0,0,0,0,0,0,0,0,0,0,0,0,0,0,0,0,0,0,0,0,0,0,0,0,0,0,0,0,0,0,0.7648000121116638
1,0,0,0,0,8,0,0,64,3,7,0,0,64,3,8,1,1,128,5,7,0,1,32,1,8,2,1,32,1,6,3,5,0,0,6,6,4,0,0,3,7,7,0,0,7,8,8,64,5,8,9,9,64,5,8,10,9,32,3,2,11,9,0,0,0,0,0,0,0,0,0,0,0,0,0,0,0,0,0,0,0,0,0,0,0,0,0,0,0,0,0,0,0,0,0,0,0,0,0,0,0,0,0,0,0,0,0,0,0,0,0,0,0,0,0,0,0,0,0,0,0,0,0,0,0,0,0,0,0,0,0,0,0,0,0,0,0,0,0,0,0,0,0,0,0,0,0,0,0,0.9047999978065491
1,0,0,0,0,8,0,0,32,5,8,1,1,128,5,7,0,1,32,1,8,2,3,32,1,6,4,3,0,0,3,5,5,0,0,7,6,6,64,5,8,7,7,64,5,8,8,7,32,3,2,9,7,0,0,0,0,0,0,0,0,0,0,0,0,0,0,0,0,0,0,0,0,0,0,0,0,0,0,0,0,0,0,0,0,0,0,0,0,0,0,0,0,0,0,0,0,0,0,0,0,0,0,0,0,0,0,0,0,0,0,0,0,0,0,0,0,0,0,0,0,0,0,0,0,0,0,0,0,0,0,0,0,0,0,0,0,0,0,0,0,0,0,0,0,0,0,0,0,0,0.8805999755859375
1,0,0,0,0,7,0,0,64,3,5,0,0,0,0,7,0,2,32,1,8,1,0,32,1,6,2,4,0,0,6,5,3,0,0,3,6,6,0,0,7,7,7,128,1,8,8,8,64,5,8,9,8,32,3,2,10,8,0,0,0,0,0,0,0,0,0,0,0,0,0,0,0,0,0,0,0,0,0,0,0,0,0,0,0,0,0,0,0,0,0,0,0,0,0,0,0,0,0,0,0,0,0,0,0,0,0,0,0,0,0,0,0,0,0,0,0,0,0,0,0,0,0,0,0,0,0,0,0,0,0,0,0,0,0,0,0,0,0,0,0,0,0,0,0,0,0,0,0,0,0.8646000027656555
1,0,0,0,0,8,0,0,64,3,7,0,0,64,3,8,1,1,128,5,7,0,1,32,1,8,2,2,32,1,6,3,5,0,0,6,6,4,0,0,3,7,7,0,0,7,8,8,64,5,8,9,9,64,5,8,10,9,32,3,2,11,9,0,0,0,0,0,0,0,0,0,0,0,0,0,0,0,0,0,0,0,0,0,0,0,0,0,0,0,0,0,0,0,0,0,0,0,0,0,0,0,0,0,0,0,0,0,0,0,0,0,0,0,0,0,0,0,0,0,0,0,0,0,0,0,0,0,0,0,0,0,0,0,0,0,0,0,0,0,0,0,0,0,0,0,0,0,0,0,0.9047999978065491
1,0,0,0,0,7,0,0,64,1,7,0,0,64,3,5,0,0,0,0,7,0,3,32,1,8,2,2,32,1,6,3,5,0,0,6,6,4,0,0,5,1,1,0,0,6,7,8,0,0,7,9,9,64,1,7,10,10,64,1,2,11,11,0,0,0,0,0,0,0,0,0,0,0,0,0,0,0,0,0,0,0,0,0,0,0,0,0,0,0,0,0,0,0,0,0,0,0,0,0,0,0,0,0,0,0,0,0,0,0,0,0,0,0,0,0,0,0,0,0,0,0,0,0,0,0,0,0,0,0,0,0,0,0,0,0,0,0,0,0,0,0,0,0,0,0,0,0,0,0,0.7414000034332275
1,0,0,0,0,7,0,0,64,3,7,0,0,32,1,5,2,1,0,0,8,3,3,32,3,7,4,4,64,5,8,5,5,64,5,8,6,6,32,3,2,7,5,0,0,0,0,0,0,0,0,0,0,0,0,0,0,0,0,0,0,0,0,0,0,0,0,0,0,0,0,0,0,0,0,0,0,0,0,0,0,0,0,0,0,0,0,0,0,0,0,0,0,0,0,0,0,0,0,0,0,0,0,0,0,0,0,0,0,0,0,0,0,0,0,0,0,0,0,0,0,0,0,0,0,0,0,0,0,0,0,0,0,0,0,0,0,0,0,0,0,0,0,0,0,0,0,0,0,0,0.8335999846458435
1,0,0,0,0,8,0,0,64,3,7,0,0,64,3,8,1,1,128,5,7,0,1,32,1,8,2,2,32,1,6,3,5,0,0,6,6,4,0,0,3,7,7,0,0,7,8,8,64,5,8,9,9,64,5,8,10,9,32,3,2,11,9,0,0,0,0,0,0,0,0,0,0,0,0,0,0,0,0,0,0,0,0,0,0,0,0,0,0,0,0,0,0,0,0,0,0,0,0,0,0,0,0,0,0,0,0,0,0,0,0,0,0,0,0,0,0,0,0,0,0,0,0,0,0,0,0,0,0,0,0,0,0,0,0,0,0,0,0,0,0,0,0,0,0,0,0,0,0,0,0.9047999978065491
1,0,0,0,0,8,0,0,128,5,7,0,0,32,1,7,1,0,64,1,6,3,2,0,0,3,4,0,0,0,7,5,5,64,5,8,6,6,64,5,8,7,6,32,3,2,8,8,0,0,0,0,0,0,0,0,0,0,0,0,0,0,0,0,0,0,0,0,0,0,0,0,0,0,0,0,0,0,0,0,0,0,0,0,0,0,0,0,0,0,0,0,0,0,0,0,0,0,0,0,0,0,0,0,0,0,0,0,0,0,0,0,0,0,0,0,0,0,0,0,0,0,0,0,0,0,0,0,0,0,0,0,0,0,0,0,0,0,0,0,0,0,0,0,0,0,0,0,0,0,0.871399998664856
1,0,0,0,0,5,0,0,0,0,8,1,0,128,5,7,0,1,32,1,7,2,3,128,1,6,4,3,0,0,3,5,1,0,0,3,6,6,0,0,8,7,7,64,5,8,8,7,32,3,2,9,7,0,0,0,0,0,0,0,0,0,0,0,0,0,0,0,0,0,0,0,0,0,0,0,0,0,0,0,0,0,0,0,0,0,0,0,0,0,0,0,0,0,0,0,0,0,0,0,0,0,0,0,0,0,0,0,0,0,0,0,0,0,0,0,0,0,0,0,0,0,0,0,0,0,0,0,0,0,0,0,0,0,0,0,0,0,0,0,0,0,0,0,0,0,0,0,0,0,0.8762000203132629
1,0,0,0,0,8,0,0,64,3,7,0,0,64,3,8,1,1,128,5,7,0,1,32,1,8,2,1,32,1,6,3,5,0,0,6,6,4,0,0,3,7,7,0,0,7,8,8,64,5,8,9,9,64,5,8,10,9,32,3,2,11,9,0,0,0,0,0,0,0,0,0,0,0,0,0,0,0,0,0,0,0,0,0,0,0,0,0,0,0,0,0,0,0,0,0,0,0,0,0,0,0,0,0,0,0,0,0,0,0,0,0,0,0,0,0,0,0,0,0,0,0,0,0,0,0,0,0,0,0,0,0,0,0,0,0,0,0,0,0,0,0,0,0,0,0,0,0,0,0,0.8920000195503235
1,0,0,0,0,8,0,0,64,3,8,1,1,128,5,7,0,1,32,1,7,2,3,32,1,6,4,3,0,0,3,5,5,0,0,7,6,5,64,5,8,7,7,64,5,8,8,7,32,3,2,9,7,0,0,0,0,0,0,0,0,0,0,0,0,0,0,0,0,0,0,0,0,0,0,0,0,0,0,0,0,0,0,0,0,0,0,0,0,0,0,0,0,0,0,0,0,0,0,0,0,0,0,0,0,0,0,0,0,0,0,0,0,0,0,0,0,0,0,0,0,0,0,0,0,0,0,0,0,0,0,0,0,0,0,0,0,0,0,0,0,0,0,0,0,0,0,0,0,0,0.894599974155426
1,0,0,0,0,8,0,0,64,3,7,0,0,64,3,8,1,1,128,5,7,2,0,32,1,8,2,1,32,1,6,3,5,0,0,6,6,4,0,0,8,7,6,64,1,7,8,8,64,5,8,9,9,64,5,8,10,9,32,3,2,11,9,0,0,0,0,0,0,0,0,0,0,0,0,0,0,0,0,0,0,0,0,0,0,0,0,0,0,0,0,0,0,0,0,0,0,0,0,0,0,0,0,0,0,0,0,0,0,0,0,0,0,0,0,0,0,0,0,0,0,0,0,0,0,0,0,0,0,0,0,0,0,0,0,0,0,0,0,0,0,0,0,0,0,0,0,0,0,0,0.8661999702453613
1,0,0,0,0,8,0,0,64,3,8,1,1,128,5,7,0,1,32,1,7,2,3,32,1,6,4,3,0,0,3,5,5,0,0,7,6,5,64,5,8,7,7,64,5,8,8,7,32,3,2,9,7,0,0,0,0,0,0,0,0,0,0,0,0,0,0,0,0,0,0,0,0,0,0,0,0,0,0,0,0,0,0,0,0,0,0,0,0,0,0,0,0,0,0,0,0,0,0,0,0,0,0,0,0,0,0,0,0,0,0,0,0,0,0,0,0,0,0,0,0,0,0,0,0,0,0,0,0,0,0,0,0,0,0,0,0,0,0,0,0,0,0,0,0,0,0,0,0,0,0.8920000195503235
1,0,0,0,0,7,0,0,64,3,8,0,0,128,5,8,1,0,128,3,6,3,2,0,0,5,4,4,0,0,8,5,3,64,1,8,6,5,128,5,3,7,7,0,0,8,8,7,32,3,2,9,8,0,0,0,0,0,0,0,0,0,0,0,0,0,0,0,0,0,0,0,0,0,0,0,0,0,0,0,0,0,0,0,0,0,0,0,0,0,0,0,0,0,0,0,0,0,0,0,0,0,0,0,0,0,0,0,0,0,0,0,0,0,0,0,0,0,0,0,0,0,0,0,0,0,0,0,0,0,0,0,0,0,0,0,0,0,0,0,0,0,0,0,0,0,0,0,0,0,0.829200029373169
1,0,0,0,0,8,0,0,64,3,8,0,0,128,5,8,1,1,128,5,7,2,0,64,1,7,3,4,32,1,6,5,4,0,0,8,6,5,64,1,7,7,6,64,5,8,8,8,64,5,8,9,8,32,3,2,10,8,0,0,0,0,0,0,0,0,0,0,0,0,0,0,0,0,0,0,0,0,0,0,0,0,0,0,0,0,0,0,0,0,0,0,0,0,0,0,0,0,0,0,0,0,0,0,0,0,0,0,0,0,0,0,0,0,0,0,0,0,0,0,0,0,0,0,0,0,0,0,0,0,0,0,0,0,0,0,0,0,0,0,0,0,0,0,0,0,0,0,0,0,0.6840000152587891
1,0,0,0,0,8,0,0,64,3,8,1,1,128,5,7,0,1,32,1,7,2,3,32,1,6,4,3,0,0,3,5,5,0,0,7,6,5,64,5,8,7,7,64,5,8,8,7,32,3,2,9,7,0,0,0,0,0,0,0,0,0,0,0,0,0,0,0,0,0,0,0,0,0,0,0,0,0,0,0,0,0,0,0,0,0,0,0,0,0,0,0,0,0,0,0,0,0,0,0,0,0,0,0,0,0,0,0,0,0,0,0,0,0,0,0,0,0,0,0,0,0,0,0,0,0,0,0,0,0,0,0,0,0,0,0,0,0,0,0,0,0,0,0,0,0,0,0,0,0,0.8920000195503235
1,0,0,0,0,7,0,0,128,5,7,0,0,32,1,7,1,0,32,1,6,3,2,0,0,3,4,4,0,0,7,5,4,64,5,8,6,6,64,5,8,7,6,32,3,2,8,8,0,0,0,0,0,0,0,0,0,0,0,0,0,0,0,0,0,0,0,0,0,0,0,0,0,0,0,0,0,0,0,0,0,0,0,0,0,0,0,0,0,0,0,0,0,0,0,0,0,0,0,0,0,0,0,0,0,0,0,0,0,0,0,0,0,0,0,0,0,0,0,0,0,0,0,0,0,0,0,0,0,0,0,0,0,0,0,0,0,0,0,0,0,0,0,0,0,0,0,0,0,0,0.8579999804496765
1,0,0,0,0,7,0,0,64,5,8,1,0,128,5,7,0,1,32,1,7,2,3,128,1,6,4,3,0,0,3,5,1,0,0,3,6,5,0,0,8,7,7,64,5,8,8,7,32,3,2,9,7,0,0,0,0,0,0,0,0,0,0,0,0,0,0,0,0,0,0,0,0,0,0,0,0,0,0,0,0,0,0,0,0,0,0,0,0,0,0,0,0,0,0,0,0,0,0,0,0,0,0,0,0,0,0,0,0,0,0,0,0,0,0,0,0,0,0,0,0,0,0,0,0,0,0,0,0,0,0,0,0,0,0,0,0,0,0,0,0,0,0,0,0,0,0,0,0,0,0.8898000121116638
1,0,0,0,0,8,0,0,64,3,8,1,1,128,5,7,0,1,32,1,7,2,3,32,1,6,4,3,0,0,3,5,5,0,0,7,6,5,64,5,8,7,7,64,5,8,8,7,32,3,2,9,7,0,0,0,0,0,0,0,0,0,0,0,0,0,0,0,0,0,0,0,0,0,0,0,0,0,0,0,0,0,0,0,0,0,0,0,0,0,0,0,0,0,0,0,0,0,0,0,0,0,0,0,0,0,0,0,0,0,0,0,0,0,0,0,0,0,0,0,0,0,0,0,0,0,0,0,0,0,0,0,0,0,0,0,0,0,0,0,0,0,0,0,0,0,0,0,0,0,0.8920000195503235
1,0,0,0,0,7,0,0,64,3,8,0,0,128,5,7,1,0,32,1,7,2,0,64,1,6,4,3,0,0,3,5,0,0,0,7,6,5,64,5,8,7,7,64,5,8,8,7,32,3,2,9,9,0,0,0,0,0,0,0,0,0,0,0,0,0,0,0,0,0,0,0,0,0,0,0,0,0,0,0,0,0,0,0,0,0,0,0,0,0,0,0,0,0,0,0,0,0,0,0,0,0,0,0,0,0,0,0,0,0,0,0,0,0,0,0,0,0,0,0,0,0,0,0,0,0,0,0,0,0,0,0,0,0,0,0,0,0,0,0,0,0,0,0,0,0,0,0,0,0,0.8762000203132629
1,0,0,0,0,8,0,0,64,1,8,1,0,128,5,7,0,1,32,1,7,2,3,128,1,6,4,3,0,0,3,5,1,0,0,3,6,5,0,0,8,7,7,64,5,8,8,7,32,3,2,9,7,0,0,0,0,0,0,0,0,0,0,0,0,0,0,0,0,0,0,0,0,0,0,0,0,0,0,0,0,0,0,0,0,0,0,0,0,0,0,0,0,0,0,0,0,0,0,0,0,0,0,0,0,0,0,0,0,0,0,0,0,0,0,0,0,0,0,0,0,0,0,0,0,0,0,0,0,0,0,0,0,0,0,0,0,0,0,0,0,0,0,0,0,0,0,0,0,0,0.8700000047683716
1,0,0,0,0,8,0,0,64,3,8,1,1,128,5,7,0,1,32,1,7,2,3,32,1,6,4,3,0,0,3,5,5,0,0,7,6,5,64,5,8,7,7,64,5,8,8,7,32,3,2,9,7,0,0,0,0,0,0,0,0,0,0,0,0,0,0,0,0,0,0,0,0,0,0,0,0,0,0,0,0,0,0,0,0,0,0,0,0,0,0,0,0,0,0,0,0,0,0,0,0,0,0,0,0,0,0,0,0,0,0,0,0,0,0,0,0,0,0,0,0,0,0,0,0,0,0,0,0,0,0,0,0,0,0,0,0,0,0,0,0,0,0,0,0,0,0,0,0,0,0.8920000195503235
1,0,0,0,0,8,0,0,128,5,7,0,0,32,1,7,1,0,64,1,6,3,2,0,0,3,4,0,0,0,7,5,4,64,5,8,6,6,64,5,8,7,6,32,3,2,8,8,0,0,0,0,0,0,0,0,0,0,0,0,0,0,0,0,0,0,0,0,0,0,0,0,0,0,0,0,0,0,0,0,0,0,0,0,0,0,0,0,0,0,0,0,0,0,0,0,0,0,0,0,0,0,0,0,0,0,0,0,0,0,0,0,0,0,0,0,0,0,0,0,0,0,0,0,0,0,0,0,0,0,0,0,0,0,0,0,0,0,0,0,0,0,0,0,0,0,0,0,0,0,0.8762000203132629
1,0,0,0,0,8,0,0,64,1,8,1,0,128,5,7,0,1,32,1,7,2,3,128,1,6,4,3,0,0,3,5,1,0,0,3,6,5,0,0,8,7,7,64,5,8,8,7,32,3,2,9,7,0,0,0,0,0,0,0,0,0,0,0,0,0,0,0,0,0,0,0,0,0,0,0,0,0,0,0,0,0,0,0,0,0,0,0,0,0,0,0,0,0,0,0,0,0,0,0,0,0,0,0,0,0,0,0,0,0,0,0,0,0,0,0,0,0,0,0,0,0,0,0,0,0,0,0,0,0,0,0,0,0,0,0,0,0,0,0,0,0,0,0,0,0,0,0,0,0,0.8691999912261963
1,0,0,0,0,8,0,0,64,3,8,1,1,128,5,7,0,1,32,1,7,2,3,32,1,6,4,3,0,0,3,5,4,0,0,7,6,5,64,5,8,7,7,64,5,8,8,7,32,3,2,9,7,0,0,0,0,0,0,0,0,0,0,0,0,0,0,0,0,0,0,0,0,0,0,0,0,0,0,0,0,0,0,0,0,0,0,0,0,0,0,0,0,0,0,0,0,0,0,0,0,0,0,0,0,0,0,0,0,0,0,0,0,0,0,0,0,0,0,0,0,0,0,0,0,0,0,0,0,0,0,0,0,0,0,0,0,0,0,0,0,0,0,0,0,0,0,0,0,0,0.8912000060081482
1,0,0,0,0,7,0,0,64,1,7,0,0,64,3,6,1,2,0,0,5,3,3,0,0,7,4,2,128,1,8,5,4,64,1,3,6,6,0,0,8,7,6,32,3,2,8,7,0,0,0,0,0,0,0,0,0,0,0,0,0,0,0,0,0,0,0,0,0,0,0,0,0,0,0,0,0,0,0,0,0,0,0,0,0,0,0,0,0,0,0,0,0,0,0,0,0,0,0,0,0,0,0,0,0,0,0,0,0,0,0,0,0,0,0,0,0,0,0,0,0,0,0,0,0,0,0,0,0,0,0,0,0,0,0,0,0,0,0,0,0,0,0,0,0,0,0,0,0,0,0.821399986743927
1,0,0,0,0,8,0,0,64,3,8,0,0,128,5,8,1,1,128,5,7,2,0,64,1,7,3,4,32,1,6,5,4,0,0,8,6,5,64,1,7,7,6,64,5,8,8,8,64,5,8,9,8,32,3,2,10,8,0,0,0,0,0,0,0,0,0,0,0,0,0,0,0,0,0,0,0,0,0,0,0,0,0,0,0,0,0,0,0,0,0,0,0,0,0,0,0,0,0,0,0,0,0,0,0,0,0,0,0,0,0,0,0,0,0,0,0,0,0,0,0,0,0,0,0,0,0,0,0,0,0,0,0,0,0,0,0,0,0,0,0,0,0,0,0,0,0,0,0,0,0.75
1,0,0,0,0,8,0,0,64,3,8,1,1,128,5,7,0,1,32,1,7,2,3,32,1,6,4,3,0,0,3,5,4,0,0,7,6,5,64,5,8,7,7,64,5,8,8,7,32,3,2,9,7,0,0,0,0,0,0,0,0,0,0,0,0,0,0,0,0,0,0,0,0,0,0,0,0,0,0,0,0,0,0,0,0,0,0,0,0,0,0,0,0,0,0,0,0,0,0,0,0,0,0,0,0,0,0,0,0,0,0,0,0,0,0,0,0,0,0,0,0,0,0,0,0,0,0,0,0,0,0,0,0,0,0,0,0,0,0,0,0,0,0,0,0,0,0,0,0,0,0.8912000060081482
1,0,0,0,0,8,0,0,32,3,3,1,1,0,0,7,2,1,64,5,8,3,3,64,5,8,4,3,32,3,2,5,5,0,0,0,0,0,0,0,0,0,0,0,0,0,0,0,0,0,0,0,0,0,0,0,0,0,0,0,0,0,0,0,0,0,0,0,0,0,0,0,0,0,0,0,0,0,0,0,0,0,0,0,0,0,0,0,0,0,0,0,0,0,0,0,0,0,0,0,0,0,0,0,0,0,0,0,0,0,0,0,0,0,0,0,0,0,0,0,0,0,0,0,0,0,0,0,0,0,0,0,0,0,0,0,0,0,0,0,0,0,0,0,0,0,0,0,0,0,0.8655999898910522
1,0,0,0,0,7,0,0,64,5,8,1,0,128,5,7,0,1,32,1,7,2,3,128,1,6,4,3,0,0,3,5,1,0,0,3,6,5,0,0,8,7,7,64,5,8,8,7,32,3,2,9,7,0,0,0,0,0,0,0,0,0,0,0,0,0,0,0,0,0,0,0,0,0,0,0,0,0,0,0,0,0,0,0,0,0,0,0,0,0,0,0,0,0,0,0,0,0,0,0,0,0,0,0,0,0,0,0,0,0,0,0,0,0,0,0,0,0,0,0,0,0,0,0,0,0,0,0,0,0,0,0,0,0,0,0,0,0,0,0,0,0,0,0,0,0,0,0,0,0,0.8885999917984009
1,0,0,0,0,8,0,0,64,3,8,1,1,128,5,7,0,1,32,1,7,2,3,32,1,6,4,3,0,0,3,5,4,0,0,7,6,5,64,5,8,7,7,64,5,8,8,7,32,3,2,9,7,0,0,0,0,0,0,0,0,0,0,0,0,0,0,0,0,0,0,0,0,0,0,0,0,0,0,0,0,0,0,0,0,0,0,0,0,0,0,0,0,0,0,0,0,0,0,0,0,0,0,0,0,0,0,0,0,0,0,0,0,0,0,0,0,0,0,0,0,0,0,0,0,0,0,0,0,0,0,0,0,0,0,0,0,0,0,0,0,0,0,0,0,0,0,0,0,0,0.8912000060081482
1,0,0,0,0,7,0,0,64,3,8,0,0,32,1,6,2,1,0,0,5,3,3,0,0,7,4,2,128,1,8,5,5,64,1,7,6,4,32,5,8,7,7,64,5,8,8,7,32,3,2,9,7,0,0,0,0,0,0,0,0,0,0,0,0,0,0,0,0,0,0,0,0,0,0,0,0,0,0,0,0,0,0,0,0,0,0,0,0,0,0,0,0,0,0,0,0,0,0,0,0,0,0,0,0,0,0,0,0,0,0,0,0,0,0,0,0,0,0,0,0,0,0,0,0,0,0,0,0,0,0,0,0,0,0,0,0,0,0,0,0,0,0,0,0,0,0,0,0,0,0.36239999532699585
1,0,0,0,0,8,0,0,32,1,7,1,0,32,1,7,2,2,64,5,7,3,3,128,3,8,4,4,128,3,7,5,5,32,3,2,6,6,0,0,0,0,0,0,0,0,0,0,0,0,0,0,0,0,0,0,0,0,0,0,0,0,0,0,0,0,0,0,0,0,0,0,0,0,0,0,0,0,0,0,0,0,0,0,0,0,0,0,0,0,0,0,0,0,0,0,0,0,0,0,0,0,0,0,0,0,0,0,0,0,0,0,0,0,0,0,0,0,0,0,0,0,0,0,0,0,0,0,0,0,0,0,0,0,0,0,0,0,0,0,0,0,0,0,0,0,0,0,0,0,0.7218000292778015
1,0,0,0,0,8,0,0,64,3,8,1,1,128,5,7,0,1,32,1,7,2,3,32,1,6,4,3,0,0,3,5,4,0,0,7,6,5,64,5,8,7,7,64,5,8,8,7,32,3,2,9,7,0,0,0,0,0,0,0,0,0,0,0,0,0,0,0,0,0,0,0,0,0,0,0,0,0,0,0,0,0,0,0,0,0,0,0,0,0,0,0,0,0,0,0,0,0,0,0,0,0,0,0,0,0,0,0,0,0,0,0,0,0,0,0,0,0,0,0,0,0,0,0,0,0,0,0,0,0,0,0,0,0,0,0,0,0,0,0,0,0,0,0,0,0,0,0,0,0,0.8912000060081482
1,0,0,0,0,8,0,0,32,3,3,1,1,0,0,7,2,1,64,5,8,3,3,64,5,8,4,3,32,3,2,5,5,0,0,0,0,0,0,0,0,0,0,0,0,0,0,0,0,0,0,0,0,0,0,0,0,0,0,0,0,0,0,0,0,0,0,0,0,0,0,0,0,0,0,0,0,0,0,0,0,0,0,0,0,0,0,0,0,0,0,0,0,0,0,0,0,0,0,0,0,0,0,0,0,0,0,0,0,0,0,0,0,0,0,0,0,0,0,0,0,0,0,0,0,0,0,0,0,0,0,0,0,0,0,0,0,0,0,0,0,0,0,0,0,0,0,0,0,0,0.8568000197410583
1,0,0,0,0,8,0,0,64,1,8,1,0,128,5,7,0,1,32,1,7,2,3,128,1,6,4,3,0,0,3,5,1,0,0,3,6,5,0,0,8,7,7,64,5,8,8,7,32,3,2,9,7,0,0,0,0,0,0,0,0,0,0,0,0,0,0,0,0,0,0,0,0,0,0,0,0,0,0,0,0,0,0,0,0,0,0,0,0,0,0,0,0,0,0,0,0,0,0,0,0,0,0,0,0,0,0,0,0,0,0,0,0,0,0,0,0,0,0,0,0,0,0,0,0,0,0,0,0,0,0,0,0,0,0,0,0,0,0,0,0,0,0,0,0,0,0,0,0,0,0.8737999796867371
1,0,0,0,0,8,0,0,64,3,8,1,1,128,5,7,0,1,32,1,7,2,3,32,1,6,4,3,0,0,3,5,4,0,0,7,6,5,64,5,8,7,7,64,5,8,8,7,32,3,2,9,7,0,0,0,0,0,0,0,0,0,0,0,0,0,0,0,0,0,0,0,0,0,0,0,0,0,0,0,0,0,0,0,0,0,0,0,0,0,0,0,0,0,0,0,0,0,0,0,0,0,0,0,0,0,0,0,0,0,0,0,0,0,0,0,0,0,0,0,0,0,0,0,0,0,0,0,0,0,0,0,0,0,0,0,0,0,0,0,0,0,0,0,0,0,0,0,0,0,0.8912000060081482
1,0,0,0,0,8,0,0,128,5,7,0,0,32,1,7,1,0,64,1,6,3,2,0,0,3,4,0,0,0,7,5,4,64,5,8,6,6,64,5,8,7,6,32,3,2,8,8,0,0,0,0,0,0,0,0,0,0,0,0,0,0,0,0,0,0,0,0,0,0,0,0,0,0,0,0,0,0,0,0,0,0,0,0,0,0,0,0,0,0,0,0,0,0,0,0,0,0,0,0,0,0,0,0,0,0,0,0,0,0,0,0,0,0,0,0,0,0,0,0,0,0,0,0,0,0,0,0,0,0,0,0,0,0,0,0,0,0,0,0,0,0,0,0,0,0,0,0,0,0,0.8755999803543091
1,0,0,0,0,7,0,0,64,5,8,1,0,128,5,7,0,1,32,1,7,2,3,128,1,6,4,3,0,0,3,5,1,0,0,3,6,5,0,0,8,7,7,64,5,8,8,7,32,3,2,9,7,0,0,0,0,0,0,0,0,0,0,0,0,0,0,0,0,0,0,0,0,0,0,0,0,0,0,0,0,0,0,0,0,0,0,0,0,0,0,0,0,0,0,0,0,0,0,0,0,0,0,0,0,0,0,0,0,0,0,0,0,0,0,0,0,0,0,0,0,0,0,0,0,0,0,0,0,0,0,0,0,0,0,0,0,0,0,0,0,0,0,0,0,0,0,0,0,0,0.8708000183105469
1,0,0,0,0,8,0,0,64,3,8,1,1,128,5,7,0,1,32,1,7,2,3,32,1,6,4,3,0,0,3,5,4,0,0,7,6,5,64,5,8,7,7,64,5,8,8,7,32,3,2,9,7,0,0,0,0,0,0,0,0,0,0,0,0,0,0,0,0,0,0,0,0,0,0,0,0,0,0,0,0,0,0,0,0,0,0,0,0,0,0,0,0,0,0,0,0,0,0,0,0,0,0,0,0,0,0,0,0,0,0,0,0,0,0,0,0,0,0,0,0,0,0,0,0,0,0,0,0,0,0,0,0,0,0,0,0,0,0,0,0,0,0,0,0,0,0,0,0,0,0.8944000005722046
1,0,0,0,0,8,0,0,32,3,6,1,1,0,0,5,2,2,0,0,7,3,1,32,1,8,4,3,64,1,3,5,5,0,0,8,6,5,32,3,2,7,6,0,0,0,0,0,0,0,0,0,0,0,0,0,0,0,0,0,0,0,0,0,0,0,0,0,0,0,0,0,0,0,0,0,0,0,0,0,0,0,0,0,0,0,0,0,0,0,0,0,0,0,0,0,0,0,0,0,0,0,0,0,0,0,0,0,0,0,0,0,0,0,0,0,0,0,0,0,0,0,0,0,0,0,0,0,0,0,0,0,0,0,0,0,0,0,0,0,0,0,0,0,0,0,0,0,0,0,0.8285999894142151
1,0,0,0,0,8,0,0,64,3,8,0,0,128,5,8,1,1,128,5,7,2,0,64,1,7,3,4,32,1,6,5,4,0,0,8,6,5,64,1,7,7,6,64,5,8,8,8,64,5,8,9,8,32,3,2,10,8,0,0,0,0,0,0,0,0,0,0,0,0,0,0,0,0,0,0,0,0,0,0,0,0,0,0,0,0,0,0,0,0,0,0,0,0,0,0,0,0,0,0,0,0,0,0,0,0,0,0,0,0,0,0,0,0,0,0,0,0,0,0,0,0,0,0,0,0,0,0,0,0,0,0,0,0,0,0,0,0,0,0,0,0,0,0,0,0,0,0,0,0,0.8468000292778015
1,0,0,0,0,8,0,0,64,3,8,1,1,128,5,7,0,1,32,1,7,2,3,32,1,6,4,3,0,0,3,5,4,0,0,7,6,5,64,5,8,7,7,64,5,8,8,7,32,3,2,9,7,0,0,0,0,0,0,0,0,0,0,0,0,0,0,0,0,0,0,0,0,0,0,0,0,0,0,0,0,0,0,0,0,0,0,0,0,0,0,0,0,0,0,0,0,0,0,0,0,0,0,0,0,0,0,0,0,0,0,0,0,0,0,0,0,0,0,0,0,0,0,0,0,0,0,0,0,0,0,0,0,0,0,0,0,0,0,0,0,0,0,0,0,0,0,0,0,0,0.8944000005722046
1,0,0,0,0,8,0,0,64,3,8,1,1,128,5,7,0,1,32,1,8,0,1,32,1,8,4,1,128,3,7,2,4,32,1,7,5,5,32,1,6,6,3,0,0,6,8,7,0,0,7,9,8,64,5,7,10,10,32,5,8,11,10,32,3,2,12,10,0,0,0,0,0,0,0,0,0,0,0,0,0,0,0,0,0,0,0,0,0,0,0,0,0,0,0,0,0,0,0,0,0,0,0,0,0,0,0,0,0,0,0,0,0,0,0,0,0,0,0,0,0,0,0,0,0,0,0,0,0,0,0,0,0,0,0,0,0,0,0,0,0,0,0,0,0,0,0,0,0,0,0.5166000127792358
1,0,0,0,0,8,0,0,64,3,8,0,0,64,1,7,2,1,128,5,8,1,1,128,5,7,4,4,32,1,6,5,3,0,0,3,6,5,0,0,7,7,6,64,5,8,8,8,64,5,2,9,8,0,0,0,0,0,0,0,0,0,0,0,0,0,0,0,0,0,0,0,0,0,0,0,0,0,0,0,0,0,0,0,0,0,0,0,0,0,0,0,0,0,0,0,0,0,0,0,0,0,0,0,0,0,0,0,0,0,0,0,0,0,0,0,0,0,0,0,0,0,0,0,0,0,0,0,0,0,0,0,0,0,0,0,0,0,0,0,0,0,0,0,0,0,0,0,0,0,0.8988000154495239
1,0,0,0,0,8,0,0,64,3,8,0,0,64,1,7,2,1,128,5,8,1,1,128,5,7,4,4,32,1,6,5,3,0,0,3,6,5,0,0,7,7,6,64,5,8,8,8,64,5,2,9,8,0,0,0,0,0,0,0,0,0,0,0,0,0,0,0,0,0,0,0,0,0,0,0,0,0,0,0,0,0,0,0,0,0,0,0,0,0,0,0,0,0,0,0,0,0,0,0,0,0,0,0,0,0,0,0,0,0,0,0,0,0,0,0,0,0,0,0,0,0,0,0,0,0,0,0,0,0,0,0,0,0,0,0,0,0,0,0,0,0,0,0,0,0,0,0,0,0,0.8988000154495239
1,0,0,0,0,8,0,0,64,3,7,0,0,64,3,7,0,0,64,5,7,3,1,128,5,8,1,1,128,5,8,2,1,128,3,6,5,6,0,0,6,7,4,0,0,3,8,7,0,0,7,9,8,64,5,8,10,10,64,5,2,11,10,0,0,0,0,0,0,0,0,0,0,0,0,0,0,0,0,0,0,0,0,0,0,0,0,0,0,0,0,0,0,0,0,0,0,0,0,0,0,0,0,0,0,0,0,0,0,0,0,0,0,0,0,0,0,0,0,0,0,0,0,0,0,0,0,0,0,0,0,0,0,0,0,0,0,0,0,0,0,0,0,0,0,0,0,0,0,0,0.8924000263214111
1,0,0,0,0,8,0,0,64,3,8,0,0,64,1,7,2,1,128,5,8,1,1,128,5,7,4,4,32,1,6,5,3,0,0,8,6,5,64,1,7,7,6,64,5,8,8,8,64,5,2,9,8,0,0,0,0,0,0,0,0,0,0,0,0,0,0,0,0,0,0,0,0,0,0,0,0,0,0,0,0,0,0,0,0,0,0,0,0,0,0,0,0,0,0,0,0,0,0,0,0,0,0,0,0,0,0,0,0,0,0,0,0,0,0,0,0,0,0,0,0,0,0,0,0,0,0,0,0,0,0,0,0,0,0,0,0,0,0,0,0,0,0,0,0,0,0,0,0,0,0.782800018787384
1,0,0,0,0,8,0,0,64,3,8,0,0,64,1,7,2,1,128,5,8,1,1,128,5,7,4,4,32,1,6,5,3,0,0,3,6,5,0,0,7,7,6,64,5,8,8,8,64,5,2,9,8,0,0,0,0,0,0,0,0,0,0,0,0,0,0,0,0,0,0,0,0,0,0,0,0,0,0,0,0,0,0,0,0,0,0,0,0,0,0,0,0,0,0,0,0,0,0,0,0,0,0,0,0,0,0,0,0,0,0,0,0,0,0,0,0,0,0,0,0,0,0,0,0,0,0,0,0,0,0,0,0,0,0,0,0,0,0,0,0,0,0,0,0,0,0,0,0,0,0.8988000154495239
1,0,0,0,0,8,0,0,32,3,7,0,0,64,3,8,2,0,32,1,7,3,0,128,5,5,4,1,0,0,7,5,4,128,5,7,6,6,32,1,3,7,7,0,0,8,8,6,64,1,7,9,9,32,5,7,10,6,64,1,2,11,11,0,0,0,0,0,0,0,0,0,0,0,0,0,0,0,0,0,0,0,0,0,0,0,0,0,0,0,0,0,0,0,0,0,0,0,0,0,0,0,0,0,0,0,0,0,0,0,0,0,0,0,0,0,0,0,0,0,0,0,0,0,0,0,0,0,0,0,0,0,0,0,0,0,0,0,0,0,0,0,0,0,0,0,0,0,0,0,0.8762000203132629
1,0,0,0,0,7,0,0,64,3,8,0,0,128,5,8,2,0,128,5,7,1,0,32,1,7,3,4,32,1,6,5,4,0,0,3,6,5,0,0,7,7,6,64,5,8,8,8,64,5,2,9,8,0,0,0,0,0,0,0,0,0,0,0,0,0,0,0,0,0,0,0,0,0,0,0,0,0,0,0,0,0,0,0,0,0,0,0,0,0,0,0,0,0,0,0,0,0,0,0,0,0,0,0,0,0,0,0,0,0,0,0,0,0,0,0,0,0,0,0,0,0,0,0,0,0,0,0,0,0,0,0,0,0,0,0,0,0,0,0,0,0,0,0,0,0,0,0,0,0,0.8582000136375427
1,0,0,0,0,8,0,0,64,3,8,0,0,64,1,7,2,1,128,5,8,1,1,128,5,7,4,4,32,1,6,5,3,0,0,3,6,5,0,0,7,7,6,64,5,8,8,8,64,5,2,9,8,0,0,0,0,0,0,0,0,0,0,0,0,0,0,0,0,0,0,0,0,0,0,0,0,0,0,0,0,0,0,0,0,0,0,0,0,0,0,0,0,0,0,0,0,0,0,0,0,0,0,0,0,0,0,0,0,0,0,0,0,0,0,0,0,0,0,0,0,0,0,0,0,0,0,0,0,0,0,0,0,0,0,0,0,0,0,0,0,0,0,0,0,0,0,0,0,0,0.8953999876976013
1,0,0,0,0,7,0,0,64,5,7,1,0,128,5,7,0,2,32,1,6,3,2,0,0,3,4,3,0,0,7,5,5,64,5,8,6,6,64,5,2,7,6,0,0,0,0,0,0,0,0,0,0,0,0,0,0,0,0,0,0,0,0,0,0,0,0,0,0,0,0,0,0,0,0,0,0,0,0,0,0,0,0,0,0,0,0,0,0,0,0,0,0,0,0,0,0,0,0,0,0,0,0,0,0,0,0,0,0,0,0,0,0,0,0,0,0,0,0,0,0,0,0,0,0,0,0,0,0,0,0,0,0,0,0,0,0,0,0,0,0,0,0,0,0,0,0,0,0,0,0.8790000081062317
1,0,0,0,0,8,0,0,64,3,8,0,0,64,1,7,2,1,128,5,8,1,1,128,5,7,4,4,32,1,6,5,3,0,0,8,6,6,64,1,7,7,6,64,5,8,8,8,64,5,2,9,8,0,0,0,0,0,0,0,0,0,0,0,0,0,0,0,0,0,0,0,0,0,0,0,0,0,0,0,0,0,0,0,0,0,0,0,0,0,0,0,0,0,0,0,0,0,0,0,0,0,0,0,0,0,0,0,0,0,0,0,0,0,0,0,0,0,0,0,0,0,0,0,0,0,0,0,0,0,0,0,0,0,0,0,0,0,0,0,0,0,0,0,0,0,0,0,0,0,0.8429999947547913
1,0,0,0,0,8,0,0,64,3,8,0,0,64,1,7,2,1,128,5,8,1,1,128,5,7,4,4,32,1,6,5,3,0,0,3,6,5,0,0,7,7,6,64,5,8,8,8,64,5,2,9,8,0,0,0,0,0,0,0,0,0,0,0,0,0,0,0,0,0,0,0,0,0,0,0,0,0,0,0,0,0,0,0,0,0,0,0,0,0,0,0,0,0,0,0,0,0,0,0,0,0,0,0,0,0,0,0,0,0,0,0,0,0,0,0,0,0,0,0,0,0,0,0,0,0,0,0,0,0,0,0,0,0,0,0,0,0,0,0,0,0,0,0,0,0,0,0,0,0,0.8953999876976013
1,0,0,0,0,8,0,0,64,3,8,1,1,128,5,7,0,2,32,1,7,3,3,32,1,6,4,2,0,0,7,5,2,64,1,4,6,6,0,0,7,7,7,64,1,2,8,8,0,0,0,0,0,0,0,0,0,0,0,0,0,0,0,0,0,0,0,0,0,0,0,0,0,0,0,0,0,0,0,0,0,0,0,0,0,0,0,0,0,0,0,0,0,0,0,0,0,0,0,0,0,0,0,0,0,0,0,0,0,0,0,0,0,0,0,0,0,0,0,0,0,0,0,0,0,0,0,0,0,0,0,0,0,0,0,0,0,0,0,0,0,0,0,0,0,0,0,0,0,0,0.8766000270843506
1,0,0,0,0,7,0,0,64,3,7,1,0,32,1,7,2,0,64,1,3,3,2,0,0,7,4,3,64,5,8,5,5,64,5,2,6,5,0,0,0,0,0,0,0,0,0,0,0,0,0,0,0,0,0,0,0,0,0,0,0,0,0,0,0,0,0,0,0,0,0,0,0,0,0,0,0,0,0,0,0,0,0,0,0,0,0,0,0,0,0,0,0,0,0,0,0,0,0,0,0,0,0,0,0,0,0,0,0,0,0,0,0,0,0,0,0,0,0,0,0,0,0,0,0,0,0,0,0,0,0,0,0,0,0,0,0,0,0,0,0,0,0,0,0,0,0,0,0,0,0.8730000257492065
1,0,0,0,0,8,0,0,64,3,8,0,0,64,1,7,2,1,128,5,8,1,1,128,5,7,4,4,32,1,6,5,3,0,0,3,6,5,0,0,7,7,6,64,5,8,8,8,64,5,2,9,8,0,0,0,0,0,0,0,0,0,0,0,0,0,0,0,0,0,0,0,0,0,0,0,0,0,0,0,0,0,0,0,0,0,0,0,0,0,0,0,0,0,0,0,0,0,0,0,0,0,0,0,0,0,0,0,0,0,0,0,0,0,0,0,0,0,0,0,0,0,0,0,0,0,0,0,0,0,0,0,0,0,0,0,0,0,0,0,0,0,0,0,0,0,0,0,0,0,0.8953999876976013
1,0,0,0,0,7,0,0,32,5,8,0,0,64,1,7,2,0,128,5,8,1,0,32,1,7,4,0,32,1,6,5,3,0,0,3,6,5,0,0,7,7,6,64,5,8,8,8,128,5,2,9,8,0,0,0,0,0,0,0,0,0,0,0,0,0,0,0,0,0,0,0,0,0,0,0,0,0,0,0,0,0,0,0,0,0,0,0,0,0,0,0,0,0,0,0,0,0,0,0,0,0,0,0,0,0,0,0,0,0,0,0,0,0,0,0,0,0,0,0,0,0,0,0,0,0,0,0,0,0,0,0,0,0,0,0,0,0,0,0,0,0,0,0,0,0,0,0,0,0,0.8790000081062317
1,0,0,0,0,8,0,0,64,3,8,1,1,128,5,7,2,2,32,1,7,3,1,64,1,3,4,3,0,0,7,5,4,64,5,8,6,6,64,5,2,7,6,0,0,0,0,0,0,0,0,0,0,0,0,0,0,0,0,0,0,0,0,0,0,0,0,0,0,0,0,0,0,0,0,0,0,0,0,0,0,0,0,0,0,0,0,0,0,0,0,0,0,0,0,0,0,0,0,0,0,0,0,0,0,0,0,0,0,0,0,0,0,0,0,0,0,0,0,0,0,0,0,0,0,0,0,0,0,0,0,0,0,0,0,0,0,0,0,0,0,0,0,0,0,0,0,0,0,0,0.8984000086784363
1,0,0,0,0,8,0,0,64,3,8,1,1,128,5,7,2,2,32,1,7,3,1,64,1,3,4,3,0,0,7,5,4,64,5,8,6,6,64,5,2,7,6,0,0,0,0,0,0,0,0,0,0,0,0,0,0,0,0,0,0,0,0,0,0,0,0,0,0,0,0,0,0,0,0,0,0,0,0,0,0,0,0,0,0,0,0,0,0,0,0,0,0,0,0,0,0,0,0,0,0,0,0,0,0,0,0,0,0,0,0,0,0,0,0,0,0,0,0,0,0,0,0,0,0,0,0,0,0,0,0,0,0,0,0,0,0,0,0,0,0,0,0,0,0,0,0,0,0,0,0.8984000086784363
1,0,0,0,0,7,0,0,32,1,7,1,0,64,1,3,2,1,0,0,7,3,3,64,5,8,4,4,64,5,2,5,4,0,0,0,0,0,0,0,0,0,0,0,0,0,0,0,0,0,0,0,0,0,0,0,0,0,0,0,0,0,0,0,0,0,0,0,0,0,0,0,0,0,0,0,0,0,0,0,0,0,0,0,0,0,0,0,0,0,0,0,0,0,0,0,0,0,0,0,0,0,0,0,0,0,0,0,0,0,0,0,0,0,0,0,0,0,0,0,0,0,0,0,0,0,0,0,0,0,0,0,0,0,0,0,0,0,0,0,0,0,0,0,0,0,0,0,0,0,0.7721999883651733
1,0,0,0,0,8,0,0,64,3,8,1,1,128,5,7,2,2,32,1,7,3,1,64,1,8,4,4,64,1,7,5,4,64,5,8,6,6,64,5,2,7,6,0,0,0,0,0,0,0,0,0,0,0,0,0,0,0,0,0,0,0,0,0,0,0,0,0,0,0,0,0,0,0,0,0,0,0,0,0,0,0,0,0,0,0,0,0,0,0,0,0,0,0,0,0,0,0,0,0,0,0,0,0,0,0,0,0,0,0,0,0,0,0,0,0,0,0,0,0,0,0,0,0,0,0,0,0,0,0,0,0,0,0,0,0,0,0,0,0,0,0,0,0,0,0,0,0,0,0,0.8673999905586243
1,0,0,0,0,8,0,0,64,3,8,1,1,128,5,7,2,2,32,1,7,3,1,64,1,3,4,3,0,0,7,5,4,64,5,8,6,6,64,5,2,7,6,0,0,0,0,0,0,0,0,0,0,0,0,0,0,0,0,0,0,0,0,0,0,0,0,0,0,0,0,0,0,0,0,0,0,0,0,0,0,0,0,0,0,0,0,0,0,0,0,0,0,0,0,0,0,0,0,0,0,0,0,0,0,0,0,0,0,0,0,0,0,0,0,0,0,0,0,0,0,0,0,0,0,0,0,0,0,0,0,0,0,0,0,0,0,0,0,0,0,0,0,0,0,0,0,0,0,0,0.8984000086784363
1,0,0,0,0,8,0,0,64,1,7,1,0,64,3,7,2,0,32,1,7,1,3,32,5,4,4,3,0,0,7,3,4,32,5,5,6,5,0,0,7,7,6,32,5,8,8,7,64,5,2,9,8,0,0,0,0,0,0,0,0,0,0,0,0,0,0,0,0,0,0,0,0,0,0,0,0,0,0,0,0,0,0,0,0,0,0,0,0,0,0,0,0,0,0,0,0,0,0,0,0,0,0,0,0,0,0,0,0,0,0,0,0,0,0,0,0,0,0,0,0,0,0,0,0,0,0,0,0,0,0,0,0,0,0,0,0,0,0,0,0,0,0,0,0,0,0,0,0,0,0.8583999872207642
1,0,0,0,0,8,0,0,64,3,8,0,0,64,1,5,1,2,0,0,7,3,1,128,1,7,4,3,32,5,4,5,0,0,0,8,6,4,64,1,4,7,6,0,0,7,8,8,32,3,2,9,9,0,0,0,0,0,0,0,0,0,0,0,0,0,0,0,0,0,0,0,0,0,0,0,0,0,0,0,0,0,0,0,0,0,0,0,0,0,0,0,0,0,0,0,0,0,0,0,0,0,0,0,0,0,0,0,0,0,0,0,0,0,0,0,0,0,0,0,0,0,0,0,0,0,0,0,0,0,0,0,0,0,0,0,0,0,0,0,0,0,0,0,0,0,0,0,0,0,0.8730000257492065
1,0,0,0,0,8,0,0,64,3,8,1,1,128,5,7,2,2,32,1,7,3,1,64,1,3,4,3,0,0,7,5,4,64,5,8,6,6,64,5,2,7,6,0,0,0,0,0,0,0,0,0,0,0,0,0,0,0,0,0,0,0,0,0,0,0,0,0,0,0,0,0,0,0,0,0,0,0,0,0,0,0,0,0,0,0,0,0,0,0,0,0,0,0,0,0,0,0,0,0,0,0,0,0,0,0,0,0,0,0,0,0,0,0,0,0,0,0,0,0,0,0,0,0,0,0,0,0,0,0,0,0,0,0,0,0,0,0,0,0,0,0,0,0,0,0,0,0,0,0,0.8984000086784363
1,0,0,0,0,7,0,0,64,1,3,1,1,0,0,7,2,1,64,5,8,3,3,64,5,2,4,4,0,0,0,0,0,0,0,0,0,0,0,0,0,0,0,0,0,0,0,0,0,0,0,0,0,0,0,0,0,0,0,0,0,0,0,0,0,0,0,0,0,0,0,0,0,0,0,0,0,0,0,0,0,0,0,0,0,0,0,0,0,0,0,0,0,0,0,0,0,0,0,0,0,0,0,0,0,0,0,0,0,0,0,0,0,0,0,0,0,0,0,0,0,0,0,0,0,0,0,0,0,0,0,0,0,0,0,0,0,0,0,0,0,0,0,0,0,0,0,0,0,0,0.7904000282287598
1,0,0,0,0,7,0,0,64,5,8,1,0,128,5,7,2,2,128,1,7,3,1,64,1,3,4,1,0,0,3,5,4,0,0,8,6,6,64,5,2,7,6,0,0,0,0,0,0,0,0,0,0,0,0,0,0,0,0,0,0,0,0,0,0,0,0,0,0,0,0,0,0,0,0,0,0,0,0,0,0,0,0,0,0,0,0,0,0,0,0,0,0,0,0,0,0,0,0,0,0,0,0,0,0,0,0,0,0,0,0,0,0,0,0,0,0,0,0,0,0,0,0,0,0,0,0,0,0,0,0,0,0,0,0,0,0,0,0,0,0,0,0,0,0,0,0,0,0,0,0.8813999891281128
1,0,0,0,0,8,0,0,64,3,8,1,1,128,5,7,2,2,32,1,7,3,1,64,1,3,4,3,0,0,7,5,4,64,5,8,6,6,64,5,2,7,6,0,0,0,0,0,0,0,0,0,0,0,0,0,0,0,0,0,0,0,0,0,0,0,0,0,0,0,0,0,0,0,0,0,0,0,0,0,0,0,0,0,0,0,0,0,0,0,0,0,0,0,0,0,0,0,0,0,0,0,0,0,0,0,0,0,0,0,0,0,0,0,0,0,0,0,0,0,0,0,0,0,0,0,0,0,0,0,0,0,0,0,0,0,0,0,0,0,0,0,0,0,0,0,0,0,0,0,0.8984000086784363
1,0,0,0,0,8,0,0,64,3,8,0,0,32,3,8,1,1,128,5,7,3,3,32,1,3,2,2,0,0,7,4,2,64,1,6,6,5,0,0,7,7,6,64,5,7,8,8,32,5,2,9,8,0,0,0,0,0,0,0,0,0,0,0,0,0,0,0,0,0,0,0,0,0,0,0,0,0,0,0,0,0,0,0,0,0,0,0,0,0,0,0,0,0,0,0,0,0,0,0,0,0,0,0,0,0,0,0,0,0,0,0,0,0,0,0,0,0,0,0,0,0,0,0,0,0,0,0,0,0,0,0,0,0,0,0,0,0,0,0,0,0,0,0,0,0,0,0,0,0,0.8673999905586243
1,0,0,0,0,8,0,0,64,3,8,1,1,128,5,7,2,2,32,1,7,3,3,32,1,6,4,2,0,0,4,5,3,0,0,7,6,6,32,3,2,7,7,0,0,0,0,0,0,0,0,0,0,0,0,0,0,0,0,0,0,0,0,0,0,0,0,0,0,0,0,0,0,0,0,0,0,0,0,0,0,0,0,0,0,0,0,0,0,0,0,0,0,0,0,0,0,0,0,0,0,0,0,0,0,0,0,0,0,0,0,0,0,0,0,0,0,0,0,0,0,0,0,0,0,0,0,0,0,0,0,0,0,0,0,0,0,0,0,0,0,0,0,0,0,0,0,0,0,0,0.8812000155448914
1,0,0,0,0,8,0,0,64,3,8,1,1,128,5,7,2,2,32,1,7,3,1,64,1,3,4,3,0,0,7,5,4,64,5,8,6,6,64,5,2,7,6,0,0,0,0,0,0,0,0,0,0,0,0,0,0,0,0,0,0,0,0,0,0,0,0,0,0,0,0,0,0,0,0,0,0,0,0,0,0,0,0,0,0,0,0,0,0,0,0,0,0,0,0,0,0,0,0,0,0,0,0,0,0,0,0,0,0,0,0,0,0,0,0,0,0,0,0,0,0,0,0,0,0,0,0,0,0,0,0,0,0,0,0,0,0,0,0,0,0,0,0,0,0,0,0,0,0,0,0.8984000086784363
1,0,0,0,0,8,0,0,64,3,7,1,1,64,5,5,2,2,0,0,7,3,2,32,5,8,4,4,64,5,2,5,4,0,0,0,0,0,0,0,0,0,0,0,0,0,0,0,0,0,0,0,0,0,0,0,0,0,0,0,0,0,0,0,0,0,0,0,0,0,0,0,0,0,0,0,0,0,0,0,0,0,0,0,0,0,0,0,0,0,0,0,0,0,0,0,0,0,0,0,0,0,0,0,0,0,0,0,0,0,0,0,0,0,0,0,0,0,0,0,0,0,0,0,0,0,0,0,0,0,0,0,0,0,0,0,0,0,0,0,0,0,0,0,0,0,0,0,0,0,0.8482000231742859
1,0,0,0,0,8,0,0,64,3,8,1,1,128,5,7,2,2,32,1,7,3,3,32,1,6,4,2,0,0,4,5,3,0,0,7,6,6,32,3,2,7,7,0,0,0,0,0,0,0,0,0,0,0,0,0,0,0,0,0,0,0,0,0,0,0,0,0,0,0,0,0,0,0,0,0,0,0,0,0,0,0,0,0,0,0,0,0,0,0,0,0,0,0,0,0,0,0,0,0,0,0,0,0,0,0,0,0,0,0,0,0,0,0,0,0,0,0,0,0,0,0,0,0,0,0,0,0,0,0,0,0,0,0,0,0,0,0,0,0,0,0,0,0,0,0,0,0,0,0,0.8820000290870667
1,0,0,0,0,8,0,0,64,3,8,1,1,128,5,7,2,2,32,1,7,3,1,64,1,3,4,3,0,0,7,5,4,64,5,8,6,6,64,5,2,7,6,0,0,0,0,0,0,0,0,0,0,0,0,0,0,0,0,0,0,0,0,0,0,0,0,0,0,0,0,0,0,0,0,0,0,0,0,0,0,0,0,0,0,0,0,0,0,0,0,0,0,0,0,0,0,0,0,0,0,0,0,0,0,0,0,0,0,0,0,0,0,0,0,0,0,0,0,0,0,0,0,0,0,0,0,0,0,0,0,0,0,0,0,0,0,0,0,0,0,0,0,0,0,0,0,0,0,0,0.8984000086784363
1,0,0,0,0,7,0,0,32,5,7,1,0,128,5,7,2,0,32,1,7,3,0,64,1,3,4,0,0,0,7,5,4,64,5,8,6,6,64,5,2,7,7,0,0,0,0,0,0,0,0,0,0,0,0,0,0,0,0,0,0,0,0,0,0,0,0,0,0,0,0,0,0,0,0,0,0,0,0,0,0,0,0,0,0,0,0,0,0,0,0,0,0,0,0,0,0,0,0,0,0,0,0,0,0,0,0,0,0,0,0,0,0,0,0,0,0,0,0,0,0,0,0,0,0,0,0,0,0,0,0,0,0,0,0,0,0,0,0,0,0,0,0,0,0,0,0,0,0,0,0.8766000270843506
1,0,0,0,0,8,0,0,64,1,8,1,0,128,5,7,2,2,128,1,7,3,0,64,1,3,4,1,0,0,3,5,4,0,0,8,6,6,64,5,2,7,6,0,0,0,0,0,0,0,0,0,0,0,0,0,0,0,0,0,0,0,0,0,0,0,0,0,0,0,0,0,0,0,0,0,0,0,0,0,0,0,0,0,0,0,0,0,0,0,0,0,0,0,0,0,0,0,0,0,0,0,0,0,0,0,0,0,0,0,0,0,0,0,0,0,0,0,0,0,0,0,0,0,0,0,0,0,0,0,0,0,0,0,0,0,0,0,0,0,0,0,0,0,0,0,0,0,0,0,0.8668000102043152
1,0,0,0,0,8,0,0,64,3,8,1,1,128,5,7,2,2,32,1,7,3,1,64,1,3,4,3,0,0,7,5,4,64,5,8,6,6,64,5,2,7,6,0,0,0,0,0,0,0,0,0,0,0,0,0,0,0,0,0,0,0,0,0,0,0,0,0,0,0,0,0,0,0,0,0,0,0,0,0,0,0,0,0,0,0,0,0,0,0,0,0,0,0,0,0,0,0,0,0,0,0,0,0,0,0,0,0,0,0,0,0,0,0,0,0,0,0,0,0,0,0,0,0,0,0,0,0,0,0,0,0,0,0,0,0,0,0,0,0,0,0,0,0,0,0,0,0,0,0,0.8984000086784363
1,0,0,0,0,7,0,0,64,5,8,1,0,32,1,7,2,0,32,1,7,3,0,64,1,3,4,3,0,0,7,5,4,64,5,8,6,6,128,5,2,7,6,0,0,0,0,0,0,0,0,0,0,0,0,0,0,0,0,0,0,0,0,0,0,0,0,0,0,0,0,0,0,0,0,0,0,0,0,0,0,0,0,0,0,0,0,0,0,0,0,0,0,0,0,0,0,0,0,0,0,0,0,0,0,0,0,0,0,0,0,0,0,0,0,0,0,0,0,0,0,0,0,0,0,0,0,0,0,0,0,0,0,0,0,0,0,0,0,0,0,0,0,0,0,0,0,0,0,0,0.8722000122070312
1,0,0,0,0,8,0,0,64,3,8,1,1,128,5,7,2,2,32,1,7,3,3,32,1,6,4,4,0,0,4,5,3,0,0,7,6,6,32,3,2,7,7,0,0,0,0,0,0,0,0,0,0,0,0,0,0,0,0,0,0,0,0,0,0,0,0,0,0,0,0,0,0,0,0,0,0,0,0,0,0,0,0,0,0,0,0,0,0,0,0,0,0,0,0,0,0,0,0,0,0,0,0,0,0,0,0,0,0,0,0,0,0,0,0,0,0,0,0,0,0,0,0,0,0,0,0,0,0,0,0,0,0,0,0,0,0,0,0,0,0,0,0,0,0,0,0,0,0,0,0.879800021648407
1,0,0,0,0,8,0,0,64,3,8,1,1,128,5,7,2,2,32,1,7,3,1,64,1,3,4,3,0,0,7,5,4,64,5,8,6,6,64,5,2,7,6,0,0,0,0,0,0,0,0,0,0,0,0,0,0,0,0,0,0,0,0,0,0,0,0,0,0,0,0,0,0,0,0,0,0,0,0,0,0,0,0,0,0,0,0,0,0,0,0,0,0,0,0,0,0,0,0,0,0,0,0,0,0,0,0,0,0,0,0,0,0,0,0,0,0,0,0,0,0,0,0,0,0,0,0,0,0,0,0,0,0,0,0,0,0,0,0,0,0,0,0,0,0,0,0,0,0,0,0.8827999830245972
1,0,0,0,0,8,0,0,64,3,8,1,1,128,5,7,2,2,32,1,7,3,1,64,1,8,4,4,64,1,7,5,4,64,5,8,6,6,64,5,2,7,6,0,0,0,0,0,0,0,0,0,0,0,0,0,0,0,0,0,0,0,0,0,0,0,0,0,0,0,0,0,0,0,0,0,0,0,0,0,0,0,0,0,0,0,0,0,0,0,0,0,0,0,0,0,0,0,0,0,0,0,0,0,0,0,0,0,0,0,0,0,0,0,0,0,0,0,0,0,0,0,0,0,0,0,0,0,0,0,0,0,0,0,0,0,0,0,0,0,0,0,0,0,0,0,0,0,0,0,0.7458000183105469
1,0,0,0,0,8,0,0,64,3,8,1,1,128,5,7,2,2,32,1,7,3,1,64,1,3,4,3,0,0,8,5,4,32,5,8,6,6,64,5,2,7,6,0,0,0,0,0,0,0,0,0,0,0,0,0,0,0,0,0,0,0,0,0,0,0,0,0,0,0,0,0,0,0,0,0,0,0,0,0,0,0,0,0,0,0,0,0,0,0,0,0,0,0,0,0,0,0,0,0,0,0,0,0,0,0,0,0,0,0,0,0,0,0,0,0,0,0,0,0,0,0,0,0,0,0,0,0,0,0,0,0,0,0,0,0,0,0,0,0,0,0,0,0,0,0,0,0,0,0,0.8787999749183655
1,0,0,0,0,3,0,0,0,0,8,0,0,64,3,8,2,1,32,3,7,1,3,64,3,8,4,0,32,1,7,5,5,32,1,7,3,5,32,3,8,6,7,64,1,6,8,7,0,0,8,9,8,128,5,2,10,9,0,0,0,0,0,0,0,0,0,0,0,0,0,0,0,0,0,0,0,0,0,0,0,0,0,0,0,0,0,0,0,0,0,0,0,0,0,0,0,0,0,0,0,0,0,0,0,0,0,0,0,0,0,0,0,0,0,0,0,0,0,0,0,0,0,0,0,0,0,0,0,0,0,0,0,0,0,0,0,0,0,0,0,0,0,0,0,0,0,0,0,0,0.8970000147819519
1,0,0,0,0,3,0,0,0,0,8,0,0,64,3,8,2,2,32,3,7,1,3,64,3,7,4,0,128,1,7,5,5,32,1,7,3,5,32,3,8,6,5,64,1,6,8,7,0,0,8,9,8,128,5,2,10,9,0,0,0,0,0,0,0,0,0,0,0,0,0,0,0,0,0,0,0,0,0,0,0,0,0,0,0,0,0,0,0,0,0,0,0,0,0,0,0,0,0,0,0,0,0,0,0,0,0,0,0,0,0,0,0,0,0,0,0,0,0,0,0,0,0,0,0,0,0,0,0,0,0,0,0,0,0,0,0,0,0,0,0,0,0,0,0,0,0,0,0,0,0.8709999918937683
1,0,0,0,0,8,0,0,64,3,7,0,0,64,5,8,1,0,32,3,8,2,3,128,5,7,4,1,32,1,7,3,4,32,3,8,5,6,64,1,6,7,6,0,0,8,8,7,128,5,2,9,8,0,0,0,0,0,0,0,0,0,0,0,0,0,0,0,0,0,0,0,0,0,0,0,0,0,0,0,0,0,0,0,0,0,0,0,0,0,0,0,0,0,0,0,0,0,0,0,0,0,0,0,0,0,0,0,0,0,0,0,0,0,0,0,0,0,0,0,0,0,0,0,0,0,0,0,0,0,0,0,0,0,0,0,0,0,0,0,0,0,0,0,0,0,0,0,0,0,0.8014000058174133
1,0,0,0,0,3,0,0,0,0,8,0,0,64,3,8,2,1,32,3,7,1,3,64,3,8,4,0,32,1,7,5,5,32,1,7,3,5,32,3,8,6,7,64,1,6,8,7,0,0,8,9,8,128,5,2,10,9,0,0,0,0,0,0,0,0,0,0,0,0,0,0,0,0,0,0,0,0,0,0,0,0,0,0,0,0,0,0,0,0,0,0,0,0,0,0,0,0,0,0,0,0,0,0,0,0,0,0,0,0,0,0,0,0,0,0,0,0,0,0,0,0,0,0,0,0,0,0,0,0,0,0,0,0,0,0,0,0,0,0,0,0,0,0,0,0,0,0,0,0,0.8970000147819519
1,0,0,0,0,8,0,0,64,3,8,1,0,32,3,7,2,2,64,3,8,3,0,32,1,8,4,4,32,1,8,5,4,32,5,7,6,4,32,3,7,7,7,128,1,8,8,7,64,1,7,9,9,64,5,8,10,7,128,5,2,11,9,0,0,0,0,0,0,0,0,0,0,0,0,0,0,0,0,0,0,0,0,0,0,0,0,0,0,0,0,0,0,0,0,0,0,0,0,0,0,0,0,0,0,0,0,0,0,0,0,0,0,0,0,0,0,0,0,0,0,0,0,0,0,0,0,0,0,0,0,0,0,0,0,0,0,0,0,0,0,0,0,0,0,0,0,0,0,0,0.7228000164031982
1,0,0,0,0,3,0,0,0,0,8,0,0,64,3,8,2,1,32,3,7,1,3,64,3,7,4,4,64,3,7,3,4,32,3,8,5,6,64,1,6,7,6,0,0,8,8,7,128,5,2,9,8,0,0,0,0,0,0,0,0,0,0,0,0,0,0,0,0,0,0,0,0,0,0,0,0,0,0,0,0,0,0,0,0,0,0,0,0,0,0,0,0,0,0,0,0,0,0,0,0,0,0,0,0,0,0,0,0,0,0,0,0,0,0,0,0,0,0,0,0,0,0,0,0,0,0,0,0,0,0,0,0,0,0,0,0,0,0,0,0,0,0,0,0,0,0,0,0,0,0.8935999870300293
1,0,0,0,0,3,0,0,0,0,8,0,0,64,3,8,2,1,32,3,7,1,3,64,3,8,4,0,32,1,7,5,5,32,1,7,3,5,32,3,8,6,7,64,1,6,8,7,0,0,8,9,8,128,5,2,10,9,0,0,0,0,0,0,0,0,0,0,0,0,0,0,0,0,0,0,0,0,0,0,0,0,0,0,0,0,0,0,0,0,0,0,0,0,0,0,0,0,0,0,0,0,0,0,0,0,0,0,0,0,0,0,0,0,0,0,0,0,0,0,0,0,0,0,0,0,0,0,0,0,0,0,0,0,0,0,0,0,0,0,0,0,0,0,0,0,0,0,0,0,0.8970000147819519
1,0,0,0,0,8,0,0,64,3,8,0,0,64,1,7,2,1,64,3,8,1,2,128,3,7,4,2,64,1,7,5,3,128,1,7,6,5,32,1,8,3,7,32,5,8,8,3,32,5,6,7,9,0,0,8,10,9,128,5,2,11,10,0,0,0,0,0,0,0,0,0,0,0,0,0,0,0,0,0,0,0,0,0,0,0,0,0,0,0,0,0,0,0,0,0,0,0,0,0,0,0,0,0,0,0,0,0,0,0,0,0,0,0,0,0,0,0,0,0,0,0,0,0,0,0,0,0,0,0,0,0,0,0,0,0,0,0,0,0,0,0,0,0,0,0,0,0,0,0,0.7164000272750854
1,0,0,0,0,3,0,0,0,0,4,1,1,0,0,8,2,1,32,1,8,3,1,64,5,7,4,4,32,1,8,5,4,64,5,7,6,4,32,5,2,7,7,0,0,0,0,0,0,0,0,0,0,0,0,0,0,0,0,0,0,0,0,0,0,0,0,0,0,0,0,0,0,0,0,0,0,0,0,0,0,0,0,0,0,0,0,0,0,0,0,0,0,0,0,0,0,0,0,0,0,0,0,0,0,0,0,0,0,0,0,0,0,0,0,0,0,0,0,0,0,0,0,0,0,0,0,0,0,0,0,0,0,0,0,0,0,0,0,0,0,0,0,0,0,0,0,0,0,0,0.6916000247001648
1,0,0,0,0,3,0,0,0,0,8,0,0,64,3,8,2,1,32,3,7,1,3,64,3,8,4,0,32,1,7,5,5,32,1,7,3,5,32,3,8,6,7,64,1,6,8,7,0,0,8,9,8,128,5,2,10,9,0,0,0,0,0,0,0,0,0,0,0,0,0,0,0,0,0,0,0,0,0,0,0,0,0,0,0,0,0,0,0,0,0,0,0,0,0,0,0,0,0,0,0,0,0,0,0,0,0,0,0,0,0,0,0,0,0,0,0,0,0,0,0,0,0,0,0,0,0,0,0,0,0,0,0,0,0,0,0,0,0,0,0,0,0,0,0,0,0,0,0,0,0.8970000147819519
1,0,0,0,0,3,0,0,0,0,7,1,1,64,3,8,2,0,32,1,8,3,3,32,1,8,4,3,32,5,7,5,3,32,3,7,6,6,128,1,8,7,6,64,1,7,8,8,128,1,8,9,8,128,5,2,10,8,0,0,0,0,0,0,0,0,0,0,0,0,0,0,0,0,0,0,0,0,0,0,0,0,0,0,0,0,0,0,0,0,0,0,0,0,0,0,0,0,0,0,0,0,0,0,0,0,0,0,0,0,0,0,0,0,0,0,0,0,0,0,0,0,0,0,0,0,0,0,0,0,0,0,0,0,0,0,0,0,0,0,0,0,0,0,0,0,0,0,0,0,0.8191999793052673
1,0,0,0,0,8,0,0,64,3,8,1,0,32,3,8,0,0,32,1,7,3,3,32,1,7,2,3,32,3,8,4,3,64,1,6,6,5,0,0,8,7,6,128,5,2,8,7,0,0,0,0,0,0,0,0,0,0,0,0,0,0,0,0,0,0,0,0,0,0,0,0,0,0,0,0,0,0,0,0,0,0,0,0,0,0,0,0,0,0,0,0,0,0,0,0,0,0,0,0,0,0,0,0,0,0,0,0,0,0,0,0,0,0,0,0,0,0,0,0,0,0,0,0,0,0,0,0,0,0,0,0,0,0,0,0,0,0,0,0,0,0,0,0,0,0,0,0,0,0,0.11379999667406082
1,0,0,0,0,3,0,0,0,0,8,0,0,64,3,8,2,1,32,3,7,1,3,64,3,8,4,0,32,1,7,5,5,32,1,7,3,5,32,3,8,6,7,64,1,6,8,7,0,0,8,9,8,128,5,2,10,9,0,0,0,0,0,0,0,0,0,0,0,0,0,0,0,0,0,0,0,0,0,0,0,0,0,0,0,0,0,0,0,0,0,0,0,0,0,0,0,0,0,0,0,0,0,0,0,0,0,0,0,0,0,0,0,0,0,0,0,0,0,0,0,0,0,0,0,0,0,0,0,0,0,0,0,0,0,0,0,0,0,0,0,0,0,0,0,0,0,0,0,0,0.8970000147819519
1,0,0,0,0,8,0,0,32,5,8,0,0,64,3,5,2,1,0,0,8,2,0,32,3,8,3,2,32,1,7,5,5,32,1,7,4,5,32,1,8,6,7,64,1,6,8,7,0,0,8,9,8,128,5,2,10,9,0,0,0,0,0,0,0,0,0,0,0,0,0,0,0,0,0,0,0,0,0,0,0,0,0,0,0,0,0,0,0,0,0,0,0,0,0,0,0,0,0,0,0,0,0,0,0,0,0,0,0,0,0,0,0,0,0,0,0,0,0,0,0,0,0,0,0,0,0,0,0,0,0,0,0,0,0,0,0,0,0,0,0,0,0,0,0,0,0,0,0,0,0.864799976348877
1,0,0,0,0,8,0,0,64,3,4,1,0,0,0,7,0,0,128,1,5,3,2,0,0,8,4,3,64,1,8,5,4,32,5,7,6,4,32,5,2,7,7,0,0,0,0,0,0,0,0,0,0,0,0,0,0,0,0,0,0,0,0,0,0,0,0,0,0,0,0,0,0,0,0,0,0,0,0,0,0,0,0,0,0,0,0,0,0,0,0,0,0,0,0,0,0,0,0,0,0,0,0,0,0,0,0,0,0,0,0,0,0,0,0,0,0,0,0,0,0,0,0,0,0,0,0,0,0,0,0,0,0,0,0,0,0,0,0,0,0,0,0,0,0,0,0,0,0,0,0.8708000183105469
1,0,0,0,0,3,0,0,0,0,8,0,0,64,3,8,2,1,32,3,7,1,3,64,3,8,4,0,32,1,7,5,5,32,1,7,3,5,32,3,8,6,7,64,1,6,8,7,0,0,8,9,8,128,5,2,10,9,0,0,0,0,0,0,0,0,0,0,0,0,0,0,0,0,0,0,0,0,0,0,0,0,0,0,0,0,0,0,0,0,0,0,0,0,0,0,0,0,0,0,0,0,0,0,0,0,0,0,0,0,0,0,0,0,0,0,0,0,0,0,0,0,0,0,0,0,0,0,0,0,0,0,0,0,0,0,0,0,0,0,0,0,0,0,0,0,0,0,0,0,0.8970000147819519
1,0,0,0,0,8,0,0,64,3,8,1,0,32,3,7,2,1,64,3,8,1,2,128,3,7,4,2,64,1,7,5,3,128,1,7,6,5,32,1,7,3,7,128,3,8,8,3,32,5,6,7,9,0,0,8,10,9,128,5,2,11,10,0,0,0,0,0,0,0,0,0,0,0,0,0,0,0,0,0,0,0,0,0,0,0,0,0,0,0,0,0,0,0,0,0,0,0,0,0,0,0,0,0,0,0,0,0,0,0,0,0,0,0,0,0,0,0,0,0,0,0,0,0,0,0,0,0,0,0,0,0,0,0,0,0,0,0,0,0,0,0,0,0,0,0,0,0,0,0,0.0966000035405159
1,0,0,0,0,8,0,0,32,5,8,0,0,64,3,4,2,2,0,0,7,1,0,128,1,5,4,3,0,0,8,5,4,64,1,7,6,5,128,1,7,7,5,64,1,2,8,8,0,0,0,0,0,0,0,0,0,0,0,0,0,0,0,0,0,0,0,0,0,0,0,0,0,0,0,0,0,0,0,0,0,0,0,0,0,0,0,0,0,0,0,0,0,0,0,0,0,0,0,0,0,0,0,0,0,0,0,0,0,0,0,0,0,0,0,0,0,0,0,0,0,0,0,0,0,0,0,0,0,0,0,0,0,0,0,0,0,0,0,0,0,0,0,0,0,0,0,0,0,0,0.8208000063896179
1,0,0,0,0,3,0,0,0,0,8,0,0,64,3,8,2,1,32,3,7,1,3,64,3,8,4,0,32,1,7,5,3,32,1,7,3,5,32,3,8,6,7,64,1,6,8,7,0,0,8,9,8,128,5,2,10,9,0,0,0,0,0,0,0,0,0,0,0,0,0,0,0,0,0,0,0,0,0,0,0,0,0,0,0,0,0,0,0,0,0,0,0,0,0,0,0,0,0,0,0,0,0,0,0,0,0,0,0,0,0,0,0,0,0,0,0,0,0,0,0,0,0,0,0,0,0,0,0,0,0,0,0,0,0,0,0,0,0,0,0,0,0,0,0,0,0,0,0,0,0.8970000147819519
1,0,0,0,0,8,0,0,64,3,8,1,0,32,3,7,2,2,64,3,8,1,2,128,3,7,4,2,64,1,7,5,3,128,1,7,6,5,32,1,7,3,7,128,3,8,8,3,32,5,6,7,9,0,0,8,10,9,128,5,2,11,10,0,0,0,0,0,0,0,0,0,0,0,0,0,0,0,0,0,0,0,0,0,0,0,0,0,0,0,0,0,0,0,0,0,0,0,0,0,0,0,0,0,0,0,0,0,0,0,0,0,0,0,0,0,0,0,0,0,0,0,0,0,0,0,0,0,0,0,0,0,0,0,0,0,0,0,0,0,0,0,0,0,0,0,0,0,0,0,0.8198000192642212
1,0,0,0,0,3,0,0,0,0,8,0,0,32,5,4,1,2,0,0,7,2,0,128,1,5,4,3,0,0,8,5,4,64,1,8,6,5,128,5,7,7,5,64,1,2,8,8,0,0,0,0,0,0,0,0,0,0,0,0,0,0,0,0,0,0,0,0,0,0,0,0,0,0,0,0,0,0,0,0,0,0,0,0,0,0,0,0,0,0,0,0,0,0,0,0,0,0,0,0,0,0,0,0,0,0,0,0,0,0,0,0,0,0,0,0,0,0,0,0,0,0,0,0,0,0,0,0,0,0,0,0,0,0,0,0,0,0,0,0,0,0,0,0,0,0,0,0,0,0,0.0
1,0,0,0,0,3,0,0,0,0,8,0,0,64,3,8,2,1,32,3,7,1,3,64,3,8,4,0,32,1,7,5,5,32,1,7,3,5,32,3,8,6,7,64,1,6,8,7,0,0,8,9,8,128,5,2,10,9,0,0,0,0,0,0,0,0,0,0,0,0,0,0,0,0,0,0,0,0,0,0,0,0,0,0,0,0,0,0,0,0,0,0,0,0,0,0,0,0,0,0,0,0,0,0,0,0,0,0,0,0,0,0,0,0,0,0,0,0,0,0,0,0,0,0,0,0,0,0,0,0,0,0,0,0,0,0,0,0,0,0,0,0,0,0,0,0,0,0,0,0,0.8970000147819519
1,0,0,0,0,8,0,0,64,3,8,1,0,32,3,8,0,0,32,3,8,3,3,32,1,7,4,4,32,1,7,2,4,32,3,8,5,6,64,1,6,7,6,0,0,8,8,7,128,5,2,9,8,0,0,0,0,0,0,0,0,0,0,0,0,0,0,0,0,0,0,0,0,0,0,0,0,0,0,0,0,0,0,0,0,0,0,0,0,0,0,0,0,0,0,0,0,0,0,0,0,0,0,0,0,0,0,0,0,0,0,0,0,0,0,0,0,0,0,0,0,0,0,0,0,0,0,0,0,0,0,0,0,0,0,0,0,0,0,0,0,0,0,0,0,0,0,0,0,0,0.7135999798774719
1,0,0,0,0,8,0,0,32,5,7,0,0,64,5,5,2,1,0,0,7,3,3,64,3,7,4,4,32,5,8,5,4,128,3,2,6,5,0,0,0,0,0,0,0,0,0,0,0,0,0,0,0,0,0,0,0,0,0,0,0,0,0,0,0,0,0,0,0,0,0,0,0,0,0,0,0,0,0,0,0,0,0,0,0,0,0,0,0,0,0,0,0,0,0,0,0,0,0,0,0,0,0,0,0,0,0,0,0,0,0,0,0,0,0,0,0,0,0,0,0,0,0,0,0,0,0,0,0,0,0,0,0,0,0,0,0,0,0,0,0,0,0,0,0,0,0,0,0,0,0.7991999983787537
1,0,0,0,0,3,0,0,0,0,8,0,0,64,3,8,2,1,32,3,7,1,3,64,3,8,4,0,32,1,7,5,5,32,1,7,3,5,32,3,8,6,7,64,1,6,8,7,0,0,8,9,8,128,5,2,10,9,0,0,0,0,0,0,0,0,0,0,0,0,0,0,0,0,0,0,0,0,0,0,0,0,0,0,0,0,0,0,0,0,0,0,0,0,0,0,0,0,0,0,0,0,0,0,0,0,0,0,0,0,0,0,0,0,0,0,0,0,0,0,0,0,0,0,0,0,0,0,0,0,0,0,0,0,0,0,0,0,0,0,0,0,0,0,0,0,0,0,0,0,0.8970000147819519
1,0,0,0,0,8,0,0,64,3,8,1,0,32,3,8,0,0,32,3,8,3,3,32,1,7,4,4,32,1,7,2,4,32,3,8,5,6,64,1,6,7,6,0,0,8,8,7,128,5,2,9,8,0,0,0,0,0,0,0,0,0,0,0,0,0,0,0,0,0,0,0,0,0,0,0,0,0,0,0,0,0,0,0,0,0,0,0,0,0,0,0,0,0,0,0,0,0,0,0,0,0,0,0,0,0,0,0,0,0,0,0,0,0,0,0,0,0,0,0,0,0,0,0,0,0,0,0,0,0,0,0,0,0,0,0,0,0,0,0,0,0,0,0,0,0,0,0,0,0,0.7221999764442444
1,0,0,0,0,8,0,0,32,5,8,0,0,64,3,7,0,0,64,5,5,3,1,0,0,8,2,0,32,3,6,4,5,0,0,7,6,6,32,5,8,7,6,128,3,2,8,7,0,0,0,0,0,0,0,0,0,0,0,0,0,0,0,0,0,0,0,0,0,0,0,0,0,0,0,0,0,0,0,0,0,0,0,0,0,0,0,0,0,0,0,0,0,0,0,0,0,0,0,0,0,0,0,0,0,0,0,0,0,0,0,0,0,0,0,0,0,0,0,0,0,0,0,0,0,0,0,0,0,0,0,0,0,0,0,0,0,0,0,0,0,0,0,0,0,0,0,0,0,0,0.5314000248908997
1,0,0,0,0,3,0,0,0,0,8,0,0,64,3,8,2,1,32,3,7,1,3,64,3,8,4,0,32,1,7,5,5,32,1,7,3,5,32,3,8,6,7,64,1,6,8,7,0,0,8,9,8,128,5,2,10,9,0,0,0,0,0,0,0,0,0,0,0,0,0,0,0,0,0,0,0,0,0,0,0,0,0,0,0,0,0,0,0,0,0,0,0,0,0,0,0,0,0,0,0,0,0,0,0,0,0,0,0,0,0,0,0,0,0,0,0,0,0,0,0,0,0,0,0,0,0,0,0,0,0,0,0,0,0,0,0,0,0,0,0,0,0,0,0,0,0,0,0,0,0.8970000147819519
1,0,0,0,0,8,0,0,64,3,8,1,0,32,3,7,1,0,64,1,8,3,0,128,5,7,4,4,64,5,7,2,4,32,3,8,5,6,64,1,6,7,6,0,0,8,8,7,128,5,2,9,9,0,0,0,0,0,0,0,0,0,0,0,0,0,0,0,0,0,0,0,0,0,0,0,0,0,0,0,0,0,0,0,0,0,0,0,0,0,0,0,0,0,0,0,0,0,0,0,0,0,0,0,0,0,0,0,0,0,0,0,0,0,0,0,0,0,0,0,0,0,0,0,0,0,0,0,0,0,0,0,0,0,0,0,0,0,0,0,0,0,0,0,0,0,0,0,0,0,0.8672000169754028
1,0,0,0,0,3,0,0,0,0,7,0,0,64,5,8,2,1,32,3,7,1,3,128,1,8,4,0,32,1,7,5,5,32,1,7,3,5,32,3,4,6,7,0,0,6,8,7,0,0,8,9,8,128,5,2,10,9,0,0,0,0,0,0,0,0,0,0,0,0,0,0,0,0,0,0,0,0,0,0,0,0,0,0,0,0,0,0,0,0,0,0,0,0,0,0,0,0,0,0,0,0,0,0,0,0,0,0,0,0,0,0,0,0,0,0,0,0,0,0,0,0,0,0,0,0,0,0,0,0,0,0,0,0,0,0,0,0,0,0,0,0,0,0,0,0,0,0,0,0,0.0
1,0,0,0,0,3,0,0,0,0,8,0,0,64,3,8,2,1,32,3,7,1,3,64,3,8,4,0,32,1,7,5,5,32,1,7,3,5,32,3,8,6,7,64,1,6,8,7,0,0,8,9,8,128,5,2,10,9,0,0,0,0,0,0,0,0,0,0,0,0,0,0,0,0,0,0,0,0,0,0,0,0,0,0,0,0,0,0,0,0,0,0,0,0,0,0,0,0,0,0,0,0,0,0,0,0,0,0,0,0,0,0,0,0,0,0,0,0,0,0,0,0,0,0,0,0,0,0,0,0,0,0,0,0,0,0,0,0,0,0,0,0,0,0,0,0,0,0,0,0,0.8970000147819519
1,0,0,0,0,8,0,0,64,3,8,1,0,32,3,7,1,0,64,1,8,3,0,128,5,7,4,4,64,5,7,2,4,32,3,8,5,6,64,1,6,7,6,0,0,8,8,7,128,5,2,9,9,0,0,0,0,0,0,0,0,0,0,0,0,0,0,0,0,0,0,0,0,0,0,0,0,0,0,0,0,0,0,0,0,0,0,0,0,0,0,0,0,0,0,0,0,0,0,0,0,0,0,0,0,0,0,0,0,0,0,0,0,0,0,0,0,0,0,0,0,0,0,0,0,0,0,0,0,0,0,0,0,0,0,0,0,0,0,0,0,0,0,0,0,0,0,0,0,0,0.6741999983787537
1,0,0,0,0,3,0,0,0,0,7,0,0,64,5,8,2,1,32,3,7,1,3,128,1,8,4,0,32,1,7,5,5,32,1,7,3,5,32,3,4,6,7,0,0,6,8,7,0,0,8,9,8,128,5,2,10,9,0,0,0,0,0,0,0,0,0,0,0,0,0,0,0,0,0,0,0,0,0,0,0,0,0,0,0,0,0,0,0,0,0,0,0,0,0,0,0,0,0,0,0,0,0,0,0,0,0,0,0,0,0,0,0,0,0,0,0,0,0,0,0,0,0,0,0,0,0,0,0,0,0,0,0,0,0,0,0,0,0,0,0,0,0,0,0,0,0,0,0,0,0.0
1,0,0,0,0,3,0,0,0,0,8,0,0,64,3,8,2,1,32,3,7,1,3,64,3,8,4,0,32,1,7,5,3,32,1,7,3,5,32,3,8,6,7,64,1,6,8,7,0,0,8,9,8,128,5,2,10,9,0,0,0,0,0,0,0,0,0,0,0,0,0,0,0,0,0,0,0,0,0,0,0,0,0,0,0,0,0,0,0,0,0,0,0,0,0,0,0,0,0,0,0,0,0,0,0,0,0,0,0,0,0,0,0,0,0,0,0,0,0,0,0,0,0,0,0,0,0,0,0,0,0,0,0,0,0,0,0,0,0,0,0,0,0,0,0,0,0,0,0,0,0.8970000147819519
1,0,0,0,0,8,0,0,64,3,7,1,0,32,5,7,2,1,128,1,3,3,3,0,0,8,1,3,128,3,7,5,2,64,1,7,6,4,128,1,7,7,6,32,1,8,4,4,64,1,7,9,9,128,3,8,10,7,32,5,6,8,11,0,0,8,12,11,128,5,2,13,12,0,0,0,0,0,0,0,0,0,0,0,0,0,0,0,0,0,0,0,0,0,0,0,0,0,0,0,0,0,0,0,0,0,0,0,0,0,0,0,0,0,0,0,0,0,0,0,0,0,0,0,0,0,0,0,0,0,0,0,0,0,0,0,0,0,0,0,0,0,0,0,0,0,0,0,0,0,0.8795999884605408
1,0,0,0,0,8,0,0,64,3,3,1,0,0,0,8,2,1,128,3,7,3,3,32,3,7,4,4,64,1,2,5,5,0,0,0,0,0,0,0,0,0,0,0,0,0,0,0,0,0,0,0,0,0,0,0,0,0,0,0,0,0,0,0,0,0,0,0,0,0,0,0,0,0,0,0,0,0,0,0,0,0,0,0,0,0,0,0,0,0,0,0,0,0,0,0,0,0,0,0,0,0,0,0,0,0,0,0,0,0,0,0,0,0,0,0,0,0,0,0,0,0,0,0,0,0,0,0,0,0,0,0,0,0,0,0,0,0,0,0,0,0,0,0,0,0,0,0,0,0,0.8913999795913696
1,0,0,0,0,3,0,0,0,0,8,0,0,64,3,8,2,1,32,3,7,1,3,64,3,8,4,0,32,1,7,5,3,32,1,7,3,5,32,3,8,6,7,64,1,6,8,7,0,0,8,9,7,128,5,2,10,9,0,0,0,0,0,0,0,0,0,0,0,0,0,0,0,0,0,0,0,0,0,0,0,0,0,0,0,0,0,0,0,0,0,0,0,0,0,0,0,0,0,0,0,0,0,0,0,0,0,0,0,0,0,0,0,0,0,0,0,0,0,0,0,0,0,0,0,0,0,0,0,0,0,0,0,0,0,0,0,0,0,0,0,0,0,0,0,0,0,0,0,0,0.8970000147819519
1,0,0,0,0,8,0,0,32,5,3,1,1,0,0,8,2,2,64,3,8,3,3,128,3,8,4,3,128,5,2,5,5,0,0,0,0,0,0,0,0,0,0,0,0,0,0,0,0,0,0,0,0,0,0,0,0,0,0,0,0,0,0,0,0,0,0,0,0,0,0,0,0,0,0,0,0,0,0,0,0,0,0,0,0,0,0,0,0,0,0,0,0,0,0,0,0,0,0,0,0,0,0,0,0,0,0,0,0,0,0,0,0,0,0,0,0,0,0,0,0,0,0,0,0,0,0,0,0,0,0,0,0,0,0,0,0,0,0,0,0,0,0,0,0,0,0,0,0,0,0.8813999891281128
1,0,0,0,0,8,0,0,32,5,3,1,1,0,0,8,2,2,64,3,8,3,2,64,1,7,4,2,128,3,8,5,4,128,3,2,6,5,0,0,0,0,0,0,0,0,0,0,0,0,0,0,0,0,0,0,0,0,0,0,0,0,0,0,0,0,0,0,0,0,0,0,0,0,0,0,0,0,0,0,0,0,0,0,0,0,0,0,0,0,0,0,0,0,0,0,0,0,0,0,0,0,0,0,0,0,0,0,0,0,0,0,0,0,0,0,0,0,0,0,0,0,0,0,0,0,0,0,0,0,0,0,0,0,0,0,0,0,0,0,0,0,0,0,0,0,0,0,0,0,0.8758000135421753
1,0,0,0,0,3,0,0,0,0,8,0,0,64,3,8,2,1,32,3,7,1,3,64,3,8,4,0,32,1,7,5,3,32,1,7,3,5,32,3,8,6,5,64,1,6,8,7,0,0,8,9,7,128,5,2,10,9,0,0,0,0,0,0,0,0,0,0,0,0,0,0,0,0,0,0,0,0,0,0,0,0,0,0,0,0,0,0,0,0,0,0,0,0,0,0,0,0,0,0,0,0,0,0,0,0,0,0,0,0,0,0,0,0,0,0,0,0,0,0,0,0,0,0,0,0,0,0,0,0,0,0,0,0,0,0,0,0,0,0,0,0,0,0,0,0,0,0,0,0,0.8970000147819519
1,0,0,0,0,3,0,0,0,0,7,0,0,32,5,8,2,1,32,3,7,1,3,32,1,8,4,0,32,1,7,5,3,32,1,7,3,5,32,3,8,6,7,64,1,6,8,7,0,0,8,9,7,64,5,2,10,9,0,0,0,0,0,0,0,0,0,0,0,0,0,0,0,0,0,0,0,0,0,0,0,0,0,0,0,0,0,0,0,0,0,0,0,0,0,0,0,0,0,0,0,0,0,0,0,0,0,0,0,0,0,0,0,0,0,0,0,0,0,0,0,0,0,0,0,0,0,0,0,0,0,0,0,0,0,0,0,0,0,0,0,0,0,0,0,0,0,0,0,0,0.8737999796867371
1,0,0,0,0,8,0,0,32,5,3,1,1,0,0,8,2,2,64,3,8,3,3,64,1,7,4,2,128,3,8,5,4,128,3,2,6,5,0,0,0,0,0,0,0,0,0,0,0,0,0,0,0,0,0,0,0,0,0,0,0,0,0,0,0,0,0,0,0,0,0,0,0,0,0,0,0,0,0,0,0,0,0,0,0,0,0,0,0,0,0,0,0,0,0,0,0,0,0,0,0,0,0,0,0,0,0,0,0,0,0,0,0,0,0,0,0,0,0,0,0,0,0,0,0,0,0,0,0,0,0,0,0,0,0,0,0,0,0,0,0,0,0,0,0,0,0,0,0,0,0.8712000250816345
1,0,0,0,0,3,0,0,0,0,8,0,0,64,3,8,2,1,32,3,7,1,3,64,3,8,4,0,32,1,7,5,3,32,1,7,3,5,32,3,8,6,5,64,1,6,8,7,0,0,8,9,7,128,5,2,10,9,0,0,0,0,0,0,0,0,0,0,0,0,0,0,0,0,0,0,0,0,0,0,0,0,0,0,0,0,0,0,0,0,0,0,0,0,0,0,0,0,0,0,0,0,0,0,0,0,0,0,0,0,0,0,0,0,0,0,0,0,0,0,0,0,0,0,0,0,0,0,0,0,0,0,0,0,0,0,0,0,0,0,0,0,0,0,0,0,0,0,0,0,0.8970000147819519
1,0,0,0,0,8,0,0,32,5,8,0,0,64,3,5,2,1,0,0,3,3,3,0,0,8,2,3,128,3,7,5,3,64,1,7,4,3,128,1,7,6,4,128,1,7,8,4,32,5,7,7,4,128,3,8,10,8,32,5,6,9,11,0,0,8,12,8,128,5,2,13,12,0,0,0,0,0,0,0,0,0,0,0,0,0,0,0,0,0,0,0,0,0,0,0,0,0,0,0,0,0,0,0,0,0,0,0,0,0,0,0,0,0,0,0,0,0,0,0,0,0,0,0,0,0,0,0,0,0,0,0,0,0,0,0,0,0,0,0,0,0,0,0,0,0,0,0,0,0,0.9028000235557556
1,0,0,0,0,7,0,0,64,3,8,1,0,32,1,8,2,0,64,3,7,3,3,64,1,7,4,4,64,5,7,5,4,64,1,2,6,6,0,0,0,0,0,0,0,0,0,0,0,0,0,0,0,0,0,0,0,0,0,0,0,0,0,0,0,0,0,0,0,0,0,0,0,0,0,0,0,0,0,0,0,0,0,0,0,0,0,0,0,0,0,0,0,0,0,0,0,0,0,0,0,0,0,0,0,0,0,0,0,0,0,0,0,0,0,0,0,0,0,0,0,0,0,0,0,0,0,0,0,0,0,0,0,0,0,0,0,0,0,0,0,0,0,0,0,0,0,0,0,0,0.09700000286102295
1,0,0,0,0,8,0,0,32,5,8,0,0,64,3,5,2,1,0,0,3,3,3,0,0,8,2,3,128,3,7,5,3,64,1,7,4,3,128,1,7,6,4,128,1,7,8,4,32,5,7,7,4,128,3,8,10,8,32,5,6,9,11,0,0,8,12,8,128,5,2,13,12,0,0,0,0,0,0,0,0,0,0,0,0,0,0,0,0,0,0,0,0,0,0,0,0,0,0,0,0,0,0,0,0,0,0,0,0,0,0,0,0,0,0,0,0,0,0,0,0,0,0,0,0,0,0,0,0,0,0,0,0,0,0,0,0,0,0,0,0,0,0,0,0,0,0,0,0,0,0.9028000235557556
1,0,0,0,0,3,0,0,0,0,8,0,0,64,3,7,1,2,64,3,7,3,0,128,1,8,4,4,64,3,8,2,2,128,3,8,5,4,64,3,7,6,5,64,1,7,8,5,128,1,7,9,5,32,5,7,7,4,128,3,8,11,9,32,5,6,10,12,0,0,8,13,9,128,5,2,14,13,0,0,0,0,0,0,0,0,0,0,0,0,0,0,0,0,0,0,0,0,0,0,0,0,0,0,0,0,0,0,0,0,0,0,0,0,0,0,0,0,0,0,0,0,0,0,0,0,0,0,0,0,0,0,0,0,0,0,0,0,0,0,0,0,0,0,0,0,0,0,0,0,0.9003999829292297
1,0,0,0,0,8,0,0,32,5,8,0,0,64,3,5,2,1,0,0,3,3,3,0,0,7,4,3,128,1,8,5,5,128,5,2,6,5,0,0,0,0,0,0,0,0,0,0,0,0,0,0,0,0,0,0,0,0,0,0,0,0,0,0,0,0,0,0,0,0,0,0,0,0,0,0,0,0,0,0,0,0,0,0,0,0,0,0,0,0,0,0,0,0,0,0,0,0,0,0,0,0,0,0,0,0,0,0,0,0,0,0,0,0,0,0,0,0,0,0,0,0,0,0,0,0,0,0,0,0,0,0,0,0,0,0,0,0,0,0,0,0,0,0,0,0,0,0,0,0,0.8820000290870667
1,0,0,0,0,8,0,0,32,5,8,0,0,64,3,5,2,1,0,0,3,3,3,0,0,8,2,3,128,3,7,5,3,64,1,7,4,3,128,1,7,6,4,128,1,7,8,4,32,5,7,7,4,128,3,8,10,8,32,5,6,9,11,0,0,8,12,8,128,5,2,13,12,0,0,0,0,0,0,0,0,0,0,0,0,0,0,0,0,0,0,0,0,0,0,0,0,0,0,0,0,0,0,0,0,0,0,0,0,0,0,0,0,0,0,0,0,0,0,0,0,0,0,0,0,0,0,0,0,0,0,0,0,0,0,0,0,0,0,0,0,0,0,0,0,0,0,0,0,0,0.9028000235557556
1,0,0,0,0,3,0,0,0,0,8,0,0,64,3,7,1,2,64,3,8,3,2,64,1,8,2,3,32,1,7,5,2,64,1,7,4,3,128,1,7,6,4,128,1,7,8,4,32,5,7,7,4,128,3,7,10,9,64,1,6,9,11,0,0,8,12,6,128,5,2,13,12,0,0,0,0,0,0,0,0,0,0,0,0,0,0,0,0,0,0,0,0,0,0,0,0,0,0,0,0,0,0,0,0,0,0,0,0,0,0,0,0,0,0,0,0,0,0,0,0,0,0,0,0,0,0,0,0,0,0,0,0,0,0,0,0,0,0,0,0,0,0,0,0,0,0,0,0,0,0.896399974822998
1,0,0,0,0,8,0,0,32,5,8,0,0,64,3,5,2,1,0,0,3,3,3,0,0,8,4,0,32,5,8,2,3,128,3,7,6,3,64,1,7,5,3,128,1,7,7,5,128,1,7,9,5,32,5,7,8,4,128,3,8,11,9,32,5,6,10,12,0,0,8,13,9,128,5,2,14,13,0,0,0,0,0,0,0,0,0,0,0,0,0,0,0,0,0,0,0,0,0,0,0,0,0,0,0,0,0,0,0,0,0,0,0,0,0,0,0,0,0,0,0,0,0,0,0,0,0,0,0,0,0,0,0,0,0,0,0,0,0,0,0,0,0,0,0,0,0,0,0,0,0.8996000289916992
1,0,0,0,0,8,0,0,32,5,8,0,0,64,3,5,2,1,0,0,3,3,3,0,0,8,2,3,128,3,7,5,3,64,1,7,4,3,128,1,7,6,4,128,1,7,8,4,32,5,7,7,4,128,3,8,10,8,32,5,6,9,11,0,0,8,12,8,128,5,2,13,12,0,0,0,0,0,0,0,0,0,0,0,0,0,0,0,0,0,0,0,0,0,0,0,0,0,0,0,0,0,0,0,0,0,0,0,0,0,0,0,0,0,0,0,0,0,0,0,0,0,0,0,0,0,0,0,0,0,0,0,0,0,0,0,0,0,0,0,0,0,0,0,0,0,0,0,0,0,0.9028000235557556
1,0,0,0,0,8,0,0,32,5,8,0,0,64,3,5,2,1,0,0,3,3,3,0,0,7,2,3,64,5,7,5,3,32,1,7,4,3,128,1,7,6,4,128,1,7,8,4,32,5,7,7,4,128,3,8,10,8,32,5,6,9,11,0,0,8,12,12,128,1,2,13,12,0,0,0,0,0,0,0,0,0,0,0,0,0,0,0,0,0,0,0,0,0,0,0,0,0,0,0,0,0,0,0,0,0,0,0,0,0,0,0,0,0,0,0,0,0,0,0,0,0,0,0,0,0,0,0,0,0,0,0,0,0,0,0,0,0,0,0,0,0,0,0,0,0,0,0,0,0,0.8795999884605408
1,0,0,0,0,6,0,0,0,0,5,1,0,0,0,7,2,2,64,1,7,3,2,64,5,7,4,3,64,1,2,5,5,0,0,0,0,0,0,0,0,0,0,0,0,0,0,0,0,0,0,0,0,0,0,0,0,0,0,0,0,0,0,0,0,0,0,0,0,0,0,0,0,0,0,0,0,0,0,0,0,0,0,0,0,0,0,0,0,0,0,0,0,0,0,0,0,0,0,0,0,0,0,0,0,0,0,0,0,0,0,0,0,0,0,0,0,0,0,0,0,0,0,0,0,0,0,0,0,0,0,0,0,0,0,0,0,0,0,0,0,0,0,0,0,0,0,0,0,0,0.7314000129699707
1,0,0,0,0,8,0,0,32,5,8,0,0,64,3,5,2,1,0,0,3,3,3,0,0,8,2,3,128,3,7,5,3,64,1,7,4,3,128,1,7,6,4,128,1,7,8,4,32,5,7,7,4,128,3,8,10,9,32,5,6,9,11,0,0,8,12,8,128,5,2,13,12,0,0,0,0,0,0,0,0,0,0,0,0,0,0,0,0,0,0,0,0,0,0,0,0,0,0,0,0,0,0,0,0,0,0,0,0,0,0,0,0,0,0,0,0,0,0,0,0,0,0,0,0,0,0,0,0,0,0,0,0,0,0,0,0,0,0,0,0,0,0,0,0,0,0,0,0,0,0.9028000235557556
1,0,0,0,0,3,0,0,0,0,8,0,0,64,3,7,1,2,64,3,8,3,2,64,1,8,2,3,32,1,7,5,2,64,1,7,4,3,128,1,7,6,3,128,1,7,8,4,32,5,7,7,4,128,3,7,10,9,64,1,6,9,11,0,0,8,12,6,128,5,2,13,12,0,0,0,0,0,0,0,0,0,0,0,0,0,0,0,0,0,0,0,0,0,0,0,0,0,0,0,0,0,0,0,0,0,0,0,0,0,0,0,0,0,0,0,0,0,0,0,0,0,0,0,0,0,0,0,0,0,0,0,0,0,0,0,0,0,0,0,0,0,0,0,0,0,0,0,0,0,0.8903999924659729
1,0,0,0,0,8,0,0,64,3,8,1,1,128,3,7,2,1,128,3,8,3,2,128,5,2,4,3,0,0,0,0,0,0,0,0,0,0,0,0,0,0,0,0,0,0,0,0,0,0,0,0,0,0,0,0,0,0,0,0,0,0,0,0,0,0,0,0,0,0,0,0,0,0,0,0,0,0,0,0,0,0,0,0,0,0,0,0,0,0,0,0,0,0,0,0,0,0,0,0,0,0,0,0,0,0,0,0,0,0,0,0,0,0,0,0,0,0,0,0,0,0,0,0,0,0,0,0,0,0,0,0,0,0,0,0,0,0,0,0,0,0,0,0,0,0,0,0,0,0,0.7038000226020813
1,0,0,0,0,8,0,0,32,5,8,0,0,64,3,5,2,1,0,0,3,3,3,0,0,8,2,4,128,3,7,5,3,64,1,7,4,3,128,1,7,6,4,128,1,7,8,4,32,5,7,7,4,128,3,8,10,9,32,5,6,9,11,0,0,8,12,8,128,5,2,13,12,0,0,0,0,0,0,0,0,0,0,0,0,0,0,0,0,0,0,0,0,0,0,0,0,0,0,0,0,0,0,0,0,0,0,0,0,0,0,0,0,0,0,0,0,0,0,0,0,0,0,0,0,0,0,0,0,0,0,0,0,0,0,0,0,0,0,0,0,0,0,0,0,0,0,0,0,0,0.9028000235557556
1,0,0,0,0,8,0,0,32,5,8,0,0,64,3,5,2,1,0,0,3,3,3,0,0,8,2,4,128,3,7,5,3,64,1,7,4,3,128,1,7,6,4,128,1,7,8,4,32,5,7,7,8,128,3,7,10,9,32,5,6,9,11,0,0,7,12,8,32,1,2,13,12,0,0,0,0,0,0,0,0,0,0,0,0,0,0,0,0,0,0,0,0,0,0,0,0,0,0,0,0,0,0,0,0,0,0,0,0,0,0,0,0,0,0,0,0,0,0,0,0,0,0,0,0,0,0,0,0,0,0,0,0,0,0,0,0,0,0,0,0,0,0,0,0,0,0,0,0,0,0.8903999924659729
1,0,0,0,0,8,0,0,32,5,8,0,0,64,3,8,0,0,32,5,5,2,1,0,0,7,3,4,64,3,3,4,5,0,0,8,5,3,64,1,7,7,4,64,3,7,6,5,128,1,7,8,8,32,5,7,9,7,128,3,8,11,10,32,1,6,10,12,0,0,8,13,9,128,5,2,14,13,0,0,0,0,0,0,0,0,0,0,0,0,0,0,0,0,0,0,0,0,0,0,0,0,0,0,0,0,0,0,0,0,0,0,0,0,0,0,0,0,0,0,0,0,0,0,0,0,0,0,0,0,0,0,0,0,0,0,0,0,0,0,0,0,0,0,0,0,0,0,0,0,0.8988000154495239
1,0,0,0,0,8,0,0,32,5,8,0,0,64,3,5,2,1,0,0,3,3,3,0,0,8,2,4,128,3,7,5,3,64,1,7,4,3,128,1,7,6,4,128,1,7,8,4,32,5,7,7,4,128,3,8,10,9,32,5,6,9,11,0,0,8,12,8,128,5,2,13,12,0,0,0,0,0,0,0,0,0,0,0,0,0,0,0,0,0,0,0,0,0,0,0,0,0,0,0,0,0,0,0,0,0,0,0,0,0,0,0,0,0,0,0,0,0,0,0,0,0,0,0,0,0,0,0,0,0,0,0,0,0,0,0,0,0,0,0,0,0,0,0,0,0,0,0,0,0,0.9028000235557556
1,0,0,0,0,7,0,0,64,1,8,0,0,64,1,8,2,2,128,1,6,3,3,0,0,6,1,2,0,0,5,4,5,0,0,8,5,0,64,3,7,7,7,64,1,8,6,7,128,3,7,9,5,128,1,7,10,7,32,5,7,8,11,64,1,8,12,12,128,1,6,11,13,0,0,8,14,10,128,5,2,15,14,0,0,0,0,0,0,0,0,0,0,0,0,0,0,0,0,0,0,0,0,0,0,0,0,0,0,0,0,0,0,0,0,0,0,0,0,0,0,0,0,0,0,0,0,0,0,0,0,0,0,0,0,0,0,0,0,0,0,0,0,0,0,0,0,0,0,0,0.5914000272750854
1,0,0,0,0,8,0,0,32,5,8,0,0,64,3,8,0,0,128,5,5,2,1,0,0,7,3,4,64,3,3,4,5,0,0,8,5,3,64,1,7,7,4,64,3,7,6,5,128,1,7,8,8,32,5,7,9,7,128,3,8,11,10,32,1,6,10,12,0,0,8,13,9,128,5,2,14,13,0,0,0,0,0,0,0,0,0,0,0,0,0,0,0,0,0,0,0,0,0,0,0,0,0,0,0,0,0,0,0,0,0,0,0,0,0,0,0,0,0,0,0,0,0,0,0,0,0,0,0,0,0,0,0,0,0,0,0,0,0,0,0,0,0,0,0,0,0,0,0,0,0.895799994468689
1,0,0,0,0,8,0,0,32,5,8,0,0,64,3,5,2,1,0,0,3,3,3,0,0,8,2,4,128,3,7,5,3,64,1,7,4,3,128,1,7,6,4,128,1,7,8,4,32,5,7,7,4,128,3,8,10,9,32,5,6,9,11,0,0,8,12,11,128,5,2,13,12,0,0,0,0,0,0,0,0,0,0,0,0,0,0,0,0,0,0,0,0,0,0,0,0,0,0,0,0,0,0,0,0,0,0,0,0,0,0,0,0,0,0,0,0,0,0,0,0,0,0,0,0,0,0,0,0,0,0,0,0,0,0,0,0,0,0,0,0,0,0,0,0,0,0,0,0,0,0.9028000235557556
1,0,0,0,0,8,0,0,32,5,8,0,0,64,3,5,2,1,0,0,3,3,3,0,0,7,2,4,64,5,7,5,3,32,1,7,4,3,128,1,7,6,4,128,1,7,8,4,32,5,7,7,4,128,3,8,10,9,32,5,6,9,11,0,0,8,12,12,128,1,2,13,12,0,0,0,0,0,0,0,0,0,0,0,0,0,0,0,0,0,0,0,0,0,0,0,0,0,0,0,0,0,0,0,0,0,0,0,0,0,0,0,0,0,0,0,0,0,0,0,0,0,0,0,0,0,0,0,0,0,0,0,0,0,0,0,0,0,0,0,0,0,0,0,0,0,0,0,0,0,0.8962000012397766
1,0,0,0,0,3,0,0,0,0,8,0,0,64,3,8,0,0,32,5,7,1,3,64,3,5,3,4,0,0,8,5,5,128,1,8,2,6,128,3,7,7,3,64,1,7,6,4,128,1,7,8,5,128,1,7,10,6,32,5,7,9,6,128,3,8,12,6,32,5,6,11,13,0,0,8,14,13,128,5,2,15,14,0,0,0,0,0,0,0,0,0,0,0,0,0,0,0,0,0,0,0,0,0,0,0,0,0,0,0,0,0,0,0,0,0,0,0,0,0,0,0,0,0,0,0,0,0,0,0,0,0,0,0,0,0,0,0,0,0,0,0,0,0,0,0,0,0,0,0,0.8956000208854675
1,0,0,0,0,8,0,0,32,5,8,0,0,64,3,5,2,1,0,0,3,3,3,0,0,8,2,4,128,3,7,5,3,64,1,7,4,3,128,1,7,6,4,128,1,7,8,4,32,5,7,7,4,128,3,8,10,9,32,5,6,9,11,0,0,8,12,11,128,5,2,13,12,0,0,0,0,0,0,0,0,0,0,0,0,0,0,0,0,0,0,0,0,0,0,0,0,0,0,0,0,0,0,0,0,0,0,0,0,0,0,0,0,0,0,0,0,0,0,0,0,0,0,0,0,0,0,0,0,0,0,0,0,0,0,0,0,0,0,0,0,0,0,0,0,0,0,0,0,0,0.9028000235557556
1,0,0,0,0,8,0,0,64,3,7,1,0,128,5,3,2,2,0,0,7,1,3,64,5,7,4,2,32,1,7,3,2,128,1,7,5,3,128,1,7,7,3,32,5,7,6,3,128,3,8,9,8,32,5,6,8,10,0,0,8,11,11,128,1,2,12,11,0,0,0,0,0,0,0,0,0,0,0,0,0,0,0,0,0,0,0,0,0,0,0,0,0,0,0,0,0,0,0,0,0,0,0,0,0,0,0,0,0,0,0,0,0,0,0,0,0,0,0,0,0,0,0,0,0,0,0,0,0,0,0,0,0,0,0,0,0,0,0,0,0,0,0,0,0,0,0,0,0,0,0.8948000073432922
1,0,0,0,0,3,0,0,0,0,8,0,0,64,3,8,0,0,128,5,7,1,3,64,3,5,3,4,0,0,8,5,5,128,1,8,2,6,128,3,7,7,3,64,1,7,6,4,128,1,7,8,5,128,1,7,10,6,32,5,7,9,6,128,3,8,12,6,32,5,6,11,13,0,0,8,14,13,128,5,2,15,14,0,0,0,0,0,0,0,0,0,0,0,0,0,0,0,0,0,0,0,0,0,0,0,0,0,0,0,0,0,0,0,0,0,0,0,0,0,0,0,0,0,0,0,0,0,0,0,0,0,0,0,0,0,0,0,0,0,0,0,0,0,0,0,0,0,0,0,0.9031999707221985
1,0,0,0,0,3,0,0,0,0,8,0,0,64,3,8,0,0,128,5,7,1,3,64,3,5,3,4,0,0,8,5,5,128,1,8,2,6,128,3,7,7,3,64,1,7,6,4,128,1,7,8,5,128,1,7,10,6,32,5,7,9,6,128,3,8,12,6,32,5,6,11,13,0,0,8,14,13,128,5,2,15,14,0,0,0,0,0,0,0,0,0,0,0,0,0,0,0,0,0,0,0,0,0,0,0,0,0,0,0,0,0,0,0,0,0,0,0,0,0,0,0,0,0,0,0,0,0,0,0,0,0,0,0,0,0,0,0,0,0,0,0,0,0,0,0,0,0,0,0,0.9031999707221985
1,0,0,0,0,8,0,0,64,3,7,0,0,64,5,7,0,2,64,3,5,2,3,0,0,8,4,4,64,3,8,1,5,128,3,7,6,2,64,1,7,5,3,128,1,7,7,4,128,1,7,9,5,32,5,7,8,5,128,3,8,11,5,32,5,6,10,12,0,0,8,13,12,128,5,2,14,13,0,0,0,0,0,0,0,0,0,0,0,0,0,0,0,0,0,0,0,0,0,0,0,0,0,0,0,0,0,0,0,0,0,0,0,0,0,0,0,0,0,0,0,0,0,0,0,0,0,0,0,0,0,0,0,0,0,0,0,0,0,0,0,0,0,0,0,0,0,0,0,0,0.6126000285148621
1,0,0,0,0,8,0,0,64,3,8,1,1,128,3,7,2,1,64,1,7,3,1,128,1,7,3,1,128,1,7,4,1,32,5,8,5,1,32,5,6,6,7,0,0,8,8,7,128,5,2,9,8,0,0,0,0,0,0,0,0,0,0,0,0,0,0,0,0,0,0,0,0,0,0,0,0,0,0,0,0,0,0,0,0,0,0,0,0,0,0,0,0,0,0,0,0,0,0,0,0,0,0,0,0,0,0,0,0,0,0,0,0,0,0,0,0,0,0,0,0,0,0,0,0,0,0,0,0,0,0,0,0,0,0,0,0,0,0,0,0,0,0,0,0,0,0,0,0,0,0.670199990272522
1,0,0,0,0,3,0,0,0,0,8,0,0,64,3,8,0,0,128,5,7,1,3,64,3,5,3,4,0,0,8,5,5,128,1,8,2,6,128,3,7,7,3,64,1,7,6,4,128,1,7,8,5,128,1,7,10,6,32,5,7,9,6,128,3,8,12,6,32,5,6,11,13,0,0,8,14,13,128,5,2,15,14,0,0,0,0,0,0,0,0,0,0,0,0,0,0,0,0,0,0,0,0,0,0,0,0,0,0,0,0,0,0,0,0,0,0,0,0,0,0,0,0,0,0,0,0,0,0,0,0,0,0,0,0,0,0,0,0,0,0,0,0,0,0,0,0,0,0,0,0.9031999707221985
1,0,0,0,0,8,0,0,64,3,8,1,1,32,1,7,2,1,64,1,7,3,1,128,1,7,4,1,32,5,7,5,5,32,3,8,6,5,128,5,2,7,6,0,0,0,0,0,0,0,0,0,0,0,0,0,0,0,0,0,0,0,0,0,0,0,0,0,0,0,0,0,0,0,0,0,0,0,0,0,0,0,0,0,0,0,0,0,0,0,0,0,0,0,0,0,0,0,0,0,0,0,0,0,0,0,0,0,0,0,0,0,0,0,0,0,0,0,0,0,0,0,0,0,0,0,0,0,0,0,0,0,0,0,0,0,0,0,0,0,0,0,0,0,0,0,0,0,0,0,0.6037999987602234
1,0,0,0,0,8,0,0,64,3,8,1,1,128,3,7,2,1,64,1,7,3,1,128,1,7,4,1,32,5,7,2,1,128,3,8,6,1,32,5,6,5,7,0,0,8,8,6,128,5,2,9,8,0,0,0,0,0,0,0,0,0,0,0,0,0,0,0,0,0,0,0,0,0,0,0,0,0,0,0,0,0,0,0,0,0,0,0,0,0,0,0,0,0,0,0,0,0,0,0,0,0,0,0,0,0,0,0,0,0,0,0,0,0,0,0,0,0,0,0,0,0,0,0,0,0,0,0,0,0,0,0,0,0,0,0,0,0,0,0,0,0,0,0,0,0,0,0,0,0,0.41920000314712524
1,0,0,0,0,3,0,0,0,0,8,0,0,64,3,8,0,0,128,5,7,1,3,64,3,5,3,4,0,0,8,5,5,128,1,8,2,6,128,3,7,7,3,64,1,7,6,4,128,1,7,8,6,128,1,7,10,6,32,5,7,9,6,128,3,8,12,6,32,5,6,11,13,0,0,8,14,13,128,5,2,15,14,0,0,0,0,0,0,0,0,0,0,0,0,0,0,0,0,0,0,0,0,0,0,0,0,0,0,0,0,0,0,0,0,0,0,0,0,0,0,0,0,0,0,0,0,0,0,0,0,0,0,0,0,0,0,0,0,0,0,0,0,0,0,0,0,0,0,0,0.9031999707221985
1,0,0,0,0,8,0,0,128,5,7,1,0,64,1,5,2,2,0,0,8,3,3,128,3,7,4,3,128,1,7,5,3,32,5,7,4,6,32,5,6,6,7,0,0,8,8,7,128,5,2,9,8,0,0,0,0,0,0,0,0,0,0,0,0,0,0,0,0,0,0,0,0,0,0,0,0,0,0,0,0,0,0,0,0,0,0,0,0,0,0,0,0,0,0,0,0,0,0,0,0,0,0,0,0,0,0,0,0,0,0,0,0,0,0,0,0,0,0,0,0,0,0,0,0,0,0,0,0,0,0,0,0,0,0,0,0,0,0,0,0,0,0,0,0,0,0,0,0,0,0.09700000286102295
1,0,0,0,0,8,0,0,128,5,7,1,1,64,3,5,1,2,0,0,8,2,1,64,1,8,3,3,128,1,7,4,1,64,3,7,5,2,128,1,7,6,6,32,5,7,7,5,128,3,8,9,6,32,1,6,8,10,0,0,8,11,10,128,5,2,12,11,0,0,0,0,0,0,0,0,0,0,0,0,0,0,0,0,0,0,0,0,0,0,0,0,0,0,0,0,0,0,0,0,0,0,0,0,0,0,0,0,0,0,0,0,0,0,0,0,0,0,0,0,0,0,0,0,0,0,0,0,0,0,0,0,0,0,0,0,0,0,0,0,0,0,0,0,0,0,0,0,0,0,0.6488000154495239
1,0,0,0,0,3,0,0,0,0,8,0,0,64,3,8,0,0,128,5,7,1,3,64,3,5,3,4,0,0,8,5,5,128,1,8,2,6,128,3,7,7,3,64,1,7,6,4,128,1,7,8,6,128,1,7,10,6,32,5,7,9,6,128,3,8,12,11,32,5,6,11,13,0,0,8,14,13,128,5,2,15,14,0,0,0,0,0,0,0,0,0,0,0,0,0,0,0,0,0,0,0,0,0,0,0,0,0,0,0,0,0,0,0,0,0,0,0,0,0,0,0,0,0,0,0,0,0,0,0,0,0,0,0,0,0,0,0,0,0,0,0,0,0,0,0,0,0,0,0,0.9031999707221985
1,0,0,0,0,3,0,0,0,0,8,0,0,32,3,8,0,0,64,1,4,1,2,0,0,8,4,4,128,1,7,5,5,32,1,6,2,3,0,0,3,6,6,0,0,5,7,7,0,0,8,9,9,128,3,7,10,9,128,1,7,11,9,32,5,7,8,8,128,3,7,13,12,128,1,6,12,14,0,0,8,15,14,128,5,2,16,15,0,0,0,0,0,0,0,0,0,0,0,0,0,0,0,0,0,0,0,0,0,0,0,0,0,0,0,0,0,0,0,0,0,0,0,0,0,0,0,0,0,0,0,0,0,0,0,0,0,0,0,0,0,0,0,0,0,0,0,0,0,0,0.0
1,0,0,0,0,8,0,0,128,5,7,1,1,64,3,5,1,2,0,0,8,3,3,128,1,7,0,1,64,3,7,4,2,128,1,7,5,5,32,5,7,6,4,128,3,8,8,7,32,1,6,7,9,0,0,8,10,9,128,5,2,11,10,0,0,0,0,0,0,0,0,0,0,0,0,0,0,0,0,0,0,0,0,0,0,0,0,0,0,0,0,0,0,0,0,0,0,0,0,0,0,0,0,0,0,0,0,0,0,0,0,0,0,0,0,0,0,0,0,0,0,0,0,0,0,0,0,0,0,0,0,0,0,0,0,0,0,0,0,0,0,0,0,0,0,0,0,0,0,0,0.7347999811172485
1,0,0,0,0,3,0,0,0,0,8,0,0,64,3,8,0,0,128,5,7,1,3,64,3,5,3,4,0,0,8,5,5,128,1,8,2,6,128,3,7,7,3,64,1,7,6,4,128,1,7,8,6,128,1,7,10,6,32,5,7,9,6,128,3,8,12,11,32,5,6,11,13,0,0,8,14,13,128,5,2,15,15,0,0,0,0,0,0,0,0,0,0,0,0,0,0,0,0,0,0,0,0,0,0,0,0,0,0,0,0,0,0,0,0,0,0,0,0,0,0,0,0,0,0,0,0,0,0,0,0,0,0,0,0,0,0,0,0,0,0,0,0,0,0,0,0,0,0,0,0.9031999707221985
1,0,0,0,0,3,0,0,0,0,5,1,0,0,0,4,1,1,0,0,8,3,3,32,1,6,4,4,0,0,7,2,1,32,5,3,5,5,0,0,5,6,6,0,0,8,8,8,128,3,7,9,8,128,1,7,10,8,32,5,7,7,7,128,3,7,12,11,128,1,6,11,13,0,0,8,14,13,128,5,2,15,15,0,0,0,0,0,0,0,0,0,0,0,0,0,0,0,0,0,0,0,0,0,0,0,0,0,0,0,0,0,0,0,0,0,0,0,0,0,0,0,0,0,0,0,0,0,0,0,0,0,0,0,0,0,0,0,0,0,0,0,0,0,0,0,0,0,0,0,0.0
1,0,0,0,0,8,0,0,128,5,7,1,1,64,3,5,1,2,0,0,8,3,3,128,1,7,0,1,64,3,7,4,2,128,1,7,5,5,32,5,7,6,4,128,3,8,8,7,32,1,6,7,9,0,0,8,10,9,128,5,2,11,11,0,0,0,0,0,0,0,0,0,0,0,0,0,0,0,0,0,0,0,0,0,0,0,0,0,0,0,0,0,0,0,0,0,0,0,0,0,0,0,0,0,0,0,0,0,0,0,0,0,0,0,0,0,0,0,0,0,0,0,0,0,0,0,0,0,0,0,0,0,0,0,0,0,0,0,0,0,0,0,0,0,0,0,0,0,0,0,0.7526000142097473
1,0,0,0,0,3,0,0,0,0,8,0,0,64,3,8,0,0,128,5,7,1,3,64,3,5,3,4,0,0,8,5,5,128,1,8,2,6,128,3,7,7,3,64,1,7,6,4,128,1,7,8,6,128,1,7,10,6,32,5,7,9,9,128,3,8,12,11,32,5,6,11,13,0,0,8,14,13,128,5,2,15,15,0,0,0,0,0,0,0,0,0,0,0,0,0,0,0,0,0,0,0,0,0,0,0,0,0,0,0,0,0,0,0,0,0,0,0,0,0,0,0,0,0,0,0,0,0,0,0,0,0,0,0,0,0,0,0,0,0,0,0,0,0,0,0,0,0,0,0,0.9031999707221985
1,0,0,0,0,3,0,0,0,0,8,0,0,64,3,7,1,2,64,3,5,3,3,0,0,8,4,4,128,1,8,2,5,128,3,7,6,2,64,1,7,5,3,128,1,7,7,5,128,1,7,9,5,32,5,7,8,9,128,3,7,11,10,32,5,6,10,12,0,0,7,13,12,32,1,2,14,14,0,0,0,0,0,0,0,0,0,0,0,0,0,0,0,0,0,0,0,0,0,0,0,0,0,0,0,0,0,0,0,0,0,0,0,0,0,0,0,0,0,0,0,0,0,0,0,0,0,0,0,0,0,0,0,0,0,0,0,0,0,0,0,0,0,0,0,0,0,0,0,0,0.8650000095367432
1,0,0,0,0,3,0,0,0,0,8,0,0,128,5,7,1,2,64,3,5,2,3,0,0,8,4,4,128,1,7,5,3,128,1,7,5,5,128,1,7,7,5,128,1,7,6,6,128,3,7,9,5,128,1,6,8,10,0,0,8,11,10,128,5,2,12,12,0,0,0,0,0,0,0,0,0,0,0,0,0,0,0,0,0,0,0,0,0,0,0,0,0,0,0,0,0,0,0,0,0,0,0,0,0,0,0,0,0,0,0,0,0,0,0,0,0,0,0,0,0,0,0,0,0,0,0,0,0,0,0,0,0,0,0,0,0,0,0,0,0,0,0,0,0,0,0,0,0,0,0.9056000113487244
1,0,0,0,0,3,0,0,0,0,8,0,0,128,5,7,1,2,64,3,5,2,3,0,0,8,4,4,128,1,7,5,3,128,1,7,5,5,128,1,7,7,5,128,1,7,6,6,128,3,7,9,5,128,1,6,8,10,0,0,8,11,10,128,5,2,12,12,0,0,0,0,0,0,0,0,0,0,0,0,0,0,0,0,0,0,0,0,0,0,0,0,0,0,0,0,0,0,0,0,0,0,0,0,0,0,0,0,0,0,0,0,0,0,0,0,0,0,0,0,0,0,0,0,0,0,0,0,0,0,0,0,0,0,0,0,0,0,0,0,0,0,0,0,0,0,0,0,0,0,0.9056000113487244
1,0,0,0,0,7,0,0,64,5,7,0,1,64,3,5,1,2,0,0,8,3,3,64,3,7,4,2,128,1,7,4,4,128,1,7,6,4,128,1,7,5,5,128,3,7,8,4,128,1,6,7,9,0,0,8,10,9,128,5,2,11,11,0,0,0,0,0,0,0,0,0,0,0,0,0,0,0,0,0,0,0,0,0,0,0,0,0,0,0,0,0,0,0,0,0,0,0,0,0,0,0,0,0,0,0,0,0,0,0,0,0,0,0,0,0,0,0,0,0,0,0,0,0,0,0,0,0,0,0,0,0,0,0,0,0,0,0,0,0,0,0,0,0,0,0,0,0,0,0,0.8748000264167786
1,0,0,0,0,3,0,0,0,0,8,0,0,64,3,4,1,2,0,0,8,3,3,32,1,7,4,1,64,1,8,5,5,128,1,8,2,6,128,3,7,7,4,64,1,7,6,6,128,1,7,8,6,128,1,7,9,6,128,1,7,10,6,128,1,6,11,12,0,0,8,13,12,128,5,2,14,14,0,0,0,0,0,0,0,0,0,0,0,0,0,0,0,0,0,0,0,0,0,0,0,0,0,0,0,0,0,0,0,0,0,0,0,0,0,0,0,0,0,0,0,0,0,0,0,0,0,0,0,0,0,0,0,0,0,0,0,0,0,0,0,0,0,0,0,0,0,0,0,0,0.0
1,0,0,0,0,3,0,0,0,0,8,0,0,128,5,7,1,2,64,3,5,2,3,0,0,8,4,4,128,1,7,5,3,128,1,7,5,5,128,1,7,7,5,128,1,7,6,6,128,3,7,9,5,128,1,6,8,10,0,0,8,11,10,128,5,2,12,12,0,0,0,0,0,0,0,0,0,0,0,0,0,0,0,0,0,0,0,0,0,0,0,0,0,0,0,0,0,0,0,0,0,0,0,0,0,0,0,0,0,0,0,0,0,0,0,0,0,0,0,0,0,0,0,0,0,0,0,0,0,0,0,0,0,0,0,0,0,0,0,0,0,0,0,0,0,0,0,0,0,0,0.9056000113487244
1,0,0,0,0,3,0,0,0,0,8,0,0,64,3,8,0,0,128,5,8,2,1,32,3,7,1,4,64,3,5,3,5,0,0,8,6,6,128,1,6,5,4,0,0,7,7,8,128,1,7,9,7,128,1,7,8,8,128,3,7,11,8,128,1,6,10,12,0,0,8,13,12,32,3,2,14,14,0,0,0,0,0,0,0,0,0,0,0,0,0,0,0,0,0,0,0,0,0,0,0,0,0,0,0,0,0,0,0,0,0,0,0,0,0,0,0,0,0,0,0,0,0,0,0,0,0,0,0,0,0,0,0,0,0,0,0,0,0,0,0,0,0,0,0,0,0,0,0,0,0.8700000047683716
1,0,0,0,0,8,0,0,128,5,8,0,0,64,1,7,2,1,128,5,7,1,1,64,3,5,1,4,0,0,8,5,5,128,1,7,3,6,64,1,7,4,4,128,1,7,6,6,128,1,7,9,6,128,1,7,8,8,128,3,6,11,7,0,0,6,10,12,0,0,8,13,12,128,5,2,14,14,0,0,0,0,0,0,0,0,0,0,0,0,0,0,0,0,0,0,0,0,0,0,0,0,0,0,0,0,0,0,0,0,0,0,0,0,0,0,0,0,0,0,0,0,0,0,0,0,0,0,0,0,0,0,0,0,0,0,0,0,0,0,0,0,0,0,0,0,0,0,0,0,0.6844000220298767
1,0,0,0,0,3,0,0,0,0,8,0,0,128,5,7,1,2,64,3,5,2,3,0,0,8,4,4,128,1,7,5,3,128,1,7,5,3,128,1,7,7,5,128,1,7,6,6,128,3,7,9,5,128,1,6,8,10,0,0,8,11,10,128,5,2,12,12,0,0,0,0,0,0,0,0,0,0,0,0,0,0,0,0,0,0,0,0,0,0,0,0,0,0,0,0,0,0,0,0,0,0,0,0,0,0,0,0,0,0,0,0,0,0,0,0,0,0,0,0,0,0,0,0,0,0,0,0,0,0,0,0,0,0,0,0,0,0,0,0,0,0,0,0,0,0,0,0,0,0,0.9056000113487244
1,0,0,0,0,3,0,0,0,0,8,0,0,32,3,8,0,0,64,3,7,3,1,128,5,8,0,1,64,1,7,1,4,64,3,6,2,5,0,0,5,7,7,0,0,6,6,4,0,0,8,8,8,128,3,7,10,6,128,1,7,11,8,128,1,7,9,10,128,3,8,13,13,128,1,6,12,14,0,0,8,15,14,128,5,2,16,16,0,0,0,0,0,0,0,0,0,0,0,0,0,0,0,0,0,0,0,0,0,0,0,0,0,0,0,0,0,0,0,0,0,0,0,0,0,0,0,0,0,0,0,0,0,0,0,0,0,0,0,0,0,0,0,0,0,0,0,0,0,0,0.8998000025749207
1,0,0,0,0,8,0,0,128,5,7,1,1,64,3,5,1,2,0,0,8,3,3,128,1,7,4,2,128,1,8,4,4,64,5,7,6,4,128,1,7,5,5,128,3,7,8,4,128,1,6,7,9,0,0,8,10,9,128,5,2,11,11,0,0,0,0,0,0,0,0,0,0,0,0,0,0,0,0,0,0,0,0,0,0,0,0,0,0,0,0,0,0,0,0,0,0,0,0,0,0,0,0,0,0,0,0,0,0,0,0,0,0,0,0,0,0,0,0,0,0,0,0,0,0,0,0,0,0,0,0,0,0,0,0,0,0,0,0,0,0,0,0,0,0,0,0,0,0,0,0.5968000292778015
1,0,0,0,0,3,0,0,0,0,8,0,0,128,5,7,1,2,64,3,5,2,3,0,0,8,4,4,128,1,7,5,3,128,1,7,5,3,128,1,7,7,5,128,1,7,6,6,128,3,7,9,5,128,1,6,8,10,0,0,8,11,10,128,5,2,12,12,0,0,0,0,0,0,0,0,0,0,0,0,0,0,0,0,0,0,0,0,0,0,0,0,0,0,0,0,0,0,0,0,0,0,0,0,0,0,0,0,0,0,0,0,0,0,0,0,0,0,0,0,0,0,0,0,0,0,0,0,0,0,0,0,0,0,0,0,0,0,0,0,0,0,0,0,0,0,0,0,0,0,0.9056000113487244
1,0,0,0,0,8,0,0,64,3,8,0,0,128,5,8,1,0,32,3,7,3,3,64,3,5,2,4,0,0,8,5,5,128,1,7,6,4,128,1,7,6,4,128,1,7,8,6,128,1,7,7,7,128,3,7,10,6,128,1,6,9,11,0,0,8,12,10,128,1,2,13,12,0,0,0,0,0,0,0,0,0,0,0,0,0,0,0,0,0,0,0,0,0,0,0,0,0,0,0,0,0,0,0,0,0,0,0,0,0,0,0,0,0,0,0,0,0,0,0,0,0,0,0,0,0,0,0,0,0,0,0,0,0,0,0,0,0,0,0,0,0,0,0,0,0,0,0,0,0,0.0966000035405159
1,0,0,0,0,8,0,0,128,5,8,0,0,64,1,8,2,1,128,1,7,1,1,64,3,5,1,4,0,0,8,5,5,128,1,7,3,3,64,1,7,4,4,128,1,7,6,4,128,1,7,9,6,128,1,7,8,8,128,3,6,11,7,0,0,6,10,12,0,0,8,13,12,128,5,2,14,14,0,0,0,0,0,0,0,0,0,0,0,0,0,0,0,0,0,0,0,0,0,0,0,0,0,0,0,0,0,0,0,0,0,0,0,0,0,0,0,0,0,0,0,0,0,0,0,0,0,0,0,0,0,0,0,0,0,0,0,0,0,0,0,0,0,0,0,0,0,0,0,0,0.871399998664856
1,0,0,0,0,3,0,0,0,0,8,0,0,128,5,7,1,2,64,3,5,2,3,0,0,8,4,4,128,1,7,5,3,128,1,7,5,3,128,1,7,7,5,128,1,7,6,6,128,3,7,9,5,128,1,6,8,10,0,0,8,11,10,128,5,2,12,12,0,0,0,0,0,0,0,0,0,0,0,0,0,0,0,0,0,0,0,0,0,0,0,0,0,0,0,0,0,0,0,0,0,0,0,0,0,0,0,0,0,0,0,0,0,0,0,0,0,0,0,0,0,0,0,0,0,0,0,0,0,0,0,0,0,0,0,0,0,0,0,0,0,0,0,0,0,0,0,0,0,0,0.9056000113487244
1,0,0,0,0,8,0,0,64,3,8,0,0,128,5,8,1,0,32,3,7,3,3,64,3,5,2,4,0,0,8,5,5,128,1,7,6,4,128,1,7,6,4,128,1,7,8,6,128,1,7,7,7,128,3,7,10,6,128,1,6,9,11,0,0,8,12,10,128,1,2,13,12,0,0,0,0,0,0,0,0,0,0,0,0,0,0,0,0,0,0,0,0,0,0,0,0,0,0,0,0,0,0,0,0,0,0,0,0,0,0,0,0,0,0,0,0,0,0,0,0,0,0,0,0,0,0,0,0,0,0,0,0,0,0,0,0,0,0,0,0,0,0,0,0,0,0,0,0,0,0.7850000262260437
1,0,0,0,0,8,0,0,128,5,8,0,0,64,1,8,2,1,128,1,7,1,1,64,3,5,1,4,0,0,8,5,5,128,1,7,3,3,64,1,7,4,4,128,1,7,6,4,128,1,7,9,6,128,1,7,8,8,128,3,6,11,7,0,0,6,10,12,0,0,8,13,12,128,5,2,14,14,0,0,0,0,0,0,0,0,0,0,0,0,0,0,0,0,0,0,0,0,0,0,0,0,0,0,0,0,0,0,0,0,0,0,0,0,0,0,0,0,0,0,0,0,0,0,0,0,0,0,0,0,0,0,0,0,0,0,0,0,0,0,0,0,0,0,0,0,0,0,0,0,0.7486000061035156
1,0,0,0,0,3,0,0,0,0,8,0,0,128,5,7,1,2,64,3,5,2,3,0,0,8,4,4,128,1,7,5,3,128,1,7,5,3,128,1,7,7,5,128,1,7,6,5,128,3,7,9,5,128,1,6,8,10,0,0,8,11,10,128,5,2,12,12,0,0,0,0,0,0,0,0,0,0,0,0,0,0,0,0,0,0,0,0,0,0,0,0,0,0,0,0,0,0,0,0,0,0,0,0,0,0,0,0,0,0,0,0,0,0,0,0,0,0,0,0,0,0,0,0,0,0,0,0,0,0,0,0,0,0,0,0,0,0,0,0,0,0,0,0,0,0,0,0,0,0,0.9056000113487244
1,0,0,0,0,8,0,0,32,5,8,0,0,64,3,8,0,0,128,5,8,3,0,128,5,8,2,1,32,3,8,1,5,32,1,6,4,5,0,0,5,3,6,0,0,8,8,8,128,1,3,7,7,0,0,7,9,6,128,1,7,11,10,128,1,3,10,10,0,0,7,13,10,128,1,6,12,14,0,0,8,15,14,32,3,2,16,16,0,0,0,0,0,0,0,0,0,0,0,0,0,0,0,0,0,0,0,0,0,0,0,0,0,0,0,0,0,0,0,0,0,0,0,0,0,0,0,0,0,0,0,0,0,0,0,0,0,0,0,0,0,0,0,0,0,0,0,0,0,0,0.0
1,0,0,0,0,3,0,0,0,0,8,0,0,128,5,7,1,1,64,3,8,3,3,32,1,7,2,2,64,3,5,2,5,0,0,8,6,6,128,1,8,7,5,64,5,7,4,5,128,1,7,9,7,128,1,7,8,7,128,3,7,11,7,128,1,6,10,12,0,0,8,13,12,128,5,2,14,14,0,0,0,0,0,0,0,0,0,0,0,0,0,0,0,0,0,0,0,0,0,0,0,0,0,0,0,0,0,0,0,0,0,0,0,0,0,0,0,0,0,0,0,0,0,0,0,0,0,0,0,0,0,0,0,0,0,0,0,0,0,0,0,0,0,0,0,0,0,0,0,0,0.8209999799728394
1,0,0,0,0,3,0,0,0,0,8,0,0,128,5,7,1,2,64,3,5,2,3,0,0,8,4,4,128,1,7,5,3,128,1,7,5,3,128,1,7,7,5,128,1,7,6,5,128,3,7,9,5,128,1,6,8,10,0,0,8,11,10,128,5,2,12,12,0,0,0,0,0,0,0,0,0,0,0,0,0,0,0,0,0,0,0,0,0,0,0,0,0,0,0,0,0,0,0,0,0,0,0,0,0,0,0,0,0,0,0,0,0,0,0,0,0,0,0,0,0,0,0,0,0,0,0,0,0,0,0,0,0,0,0,0,0,0,0,0,0,0,0,0,0,0,0,0,0,0,0.9056000113487244
1,0,0,0,0,3,0,0,0,0,8,0,0,64,3,8,0,0,128,5,8,2,1,32,3,7,1,4,64,3,5,3,5,0,0,8,6,6,128,1,5,0,4,0,0,6,5,8,0,0,8,9,5,128,1,7,7,5,128,1,7,11,9,128,1,3,10,10,0,0,7,13,9,128,1,6,12,14,0,0,8,15,14,32,3,2,16,16,0,0,0,0,0,0,0,0,0,0,0,0,0,0,0,0,0,0,0,0,0,0,0,0,0,0,0,0,0,0,0,0,0,0,0,0,0,0,0,0,0,0,0,0,0,0,0,0,0,0,0,0,0,0,0,0,0,0,0,0,0,0,0.8781999945640564
1,0,0,0,0,3,0,0,0,0,8,0,0,128,5,8,1,1,32,1,8,3,2,32,1,7,2,2,64,3,5,2,5,0,0,8,6,6,128,1,8,7,5,64,5,7,4,5,128,1,7,9,7,128,1,7,8,7,128,3,7,11,7,128,1,6,10,12,0,0,8,13,12,128,5,2,14,14,0,0,0,0,0,0,0,0,0,0,0,0,0,0,0,0,0,0,0,0,0,0,0,0,0,0,0,0,0,0,0,0,0,0,0,0,0,0,0,0,0,0,0,0,0,0,0,0,0,0,0,0,0,0,0,0,0,0,0,0,0,0,0,0,0,0,0,0,0,0,0,0,0.8925999999046326
1,0,0,0,0,3,0,0,0,0,8,0,0,128,5,7,1,2,64,3,5,2,3,0,0,8,4,4,128,1,7,5,3,128,1,7,5,3,128,1,7,7,5,128,1,7,6,5,128,3,7,9,5,128,1,6,8,10,0,0,8,11,11,128,5,2,12,12,0,0,0,0,0,0,0,0,0,0,0,0,0,0,0,0,0,0,0,0,0,0,0,0,0,0,0,0,0,0,0,0,0,0,0,0,0,0,0,0,0,0,0,0,0,0,0,0,0,0,0,0,0,0,0,0,0,0,0,0,0,0,0,0,0,0,0,0,0,0,0,0,0,0,0,0,0,0,0,0,0,0,0.9056000113487244
1,0,0,0,0,8,0,0,64,3,8,0,0,128,5,8,1,0,32,3,7,3,3,64,3,5,2,4,0,0,8,5,5,128,1,7,6,4,128,1,7,6,4,128,1,7,8,6,128,1,7,7,6,128,3,7,10,6,128,1,6,9,11,0,0,8,12,10,128,1,2,13,12,0,0,0,0,0,0,0,0,0,0,0,0,0,0,0,0,0,0,0,0,0,0,0,0,0,0,0,0,0,0,0,0,0,0,0,0,0,0,0,0,0,0,0,0,0,0,0,0,0,0,0,0,0,0,0,0,0,0,0,0,0,0,0,0,0,0,0,0,0,0,0,0,0,0,0,0,0,0.40139999985694885
1,0,0,0,0,8,0,0,64,1,3,1,0,0,0,8,2,0,128,3,8,3,1,32,3,7,4,4,32,5,7,5,3,32,5,2,6,6,0,0,0,0,0,0,0,0,0,0,0,0,0,0,0,0,0,0,0,0,0,0,0,0,0,0,0,0,0,0,0,0,0,0,0,0,0,0,0,0,0,0,0,0,0,0,0,0,0,0,0,0,0,0,0,0,0,0,0,0,0,0,0,0,0,0,0,0,0,0,0,0,0,0,0,0,0,0,0,0,0,0,0,0,0,0,0,0,0,0,0,0,0,0,0,0,0,0,0,0,0,0,0,0,0,0,0,0,0,0,0,0,0.8127999901771545
1,0,0,0,0,3,0,0,0,0,8,0,0,128,5,7,1,2,64,3,5,2,3,0,0,8,4,4,128,1,7,5,3,128,1,7,5,3,128,1,7,7,5,128,1,7,6,5,128,3,7,9,5,128,1,6,8,10,0,0,8,11,11,128,5,2,12,12,0,0,0,0,0,0,0,0,0,0,0,0,0,0,0,0,0,0,0,0,0,0,0,0,0,0,0,0,0,0,0,0,0,0,0,0,0,0,0,0,0,0,0,0,0,0,0,0,0,0,0,0,0,0,0,0,0,0,0,0,0,0,0,0,0,0,0,0,0,0,0,0,0,0,0,0,0,0,0,0,0,0,0.9056000113487244
1,0,0,0,0,3,0,0,0,0,8,0,0,128,5,7,1,2,64,3,5,2,3,0,0,8,4,4,128,1,7,5,3,128,1,7,5,3,128,1,7,7,5,128,1,7,6,5,128,3,7,9,5,128,1,6,8,10,0,0,8,11,9,128,1,2,12,11,0,0,0,0,0,0,0,0,0,0,0,0,0,0,0,0,0,0,0,0,0,0,0,0,0,0,0,0,0,0,0,0,0,0,0,0,0,0,0,0,0,0,0,0,0,0,0,0,0,0,0,0,0,0,0,0,0,0,0,0,0,0,0,0,0,0,0,0,0,0,0,0,0,0,0,0,0,0,0,0,0,0,0.8691999912261963
1,0,0,0,0,8,0,0,128,5,8,0,0,64,1,8,2,1,128,1,7,1,1,64,3,5,1,4,0,0,8,5,5,128,1,7,3,3,64,1,7,4,4,128,1,7,6,4,128,1,7,9,6,128,1,7,8,7,128,3,6,11,7,0,0,6,10,12,0,0,8,13,13,128,5,2,14,14,0,0,0,0,0,0,0,0,0,0,0,0,0,0,0,0,0,0,0,0,0,0,0,0,0,0,0,0,0,0,0,0,0,0,0,0,0,0,0,0,0,0,0,0,0,0,0,0,0,0,0,0,0,0,0,0,0,0,0,0,0,0,0,0,0,0,0,0,0,0,0,0,0.8615999817848206
1,0,0,0,0,3,0,0,0,0,8,0,0,128,5,7,1,2,64,3,5,2,3,0,0,8,4,4,128,1,7,5,3,128,1,7,5,3,128,1,7,7,5,128,1,7,6,5,128,3,7,9,5,128,1,6,8,10,0,0,8,11,11,128,5,2,12,12,0,0,0,0,0,0,0,0,0,0,0,0,0,0,0,0,0,0,0,0,0,0,0,0,0,0,0,0,0,0,0,0,0,0,0,0,0,0,0,0,0,0,0,0,0,0,0,0,0,0,0,0,0,0,0,0,0,0,0,0,0,0,0,0,0,0,0,0,0,0,0,0,0,0,0,0,0,0,0,0,0,0,0.9056000113487244
1,0,0,0,0,8,0,0,32,5,8,0,0,64,3,8,0,0,128,5,8,3,0,128,5,8,2,1,32,3,8,1,5,32,1,6,4,5,0,0,5,3,6,0,0,8,8,8,128,1,3,7,7,0,0,7,9,6,128,1,7,11,10,128,1,3,10,10,0,0,7,13,10,128,1,6,12,14,0,0,8,15,15,32,3,2,16,16,0,0,0,0,0,0,0,0,0,0,0,0,0,0,0,0,0,0,0,0,0,0,0,0,0,0,0,0,0,0,0,0,0,0,0,0,0,0,0,0,0,0,0,0,0,0,0,0,0,0,0,0,0,0,0,0,0,0,0,0,0,0,0.0
1,0,0,0,0,8,0,0,128,5,8,0,0,64,1,7,2,1,128,5,7,1,1,64,3,5,1,4,0,0,8,5,5,128,1,7,3,3,64,1,7,4,4,128,1,7,6,4,128,1,7,9,6,128,1,7,8,7,128,3,6,11,7,0,0,6,10,12,0,0,8,13,13,128,5,2,14,14,0,0,0,0,0,0,0,0,0,0,0,0,0,0,0,0,0,0,0,0,0,0,0,0,0,0,0,0,0,0,0,0,0,0,0,0,0,0,0,0,0,0,0,0,0,0,0,0,0,0,0,0,0,0,0,0,0,0,0,0,0,0,0,0,0,0,0,0,0,0,0,0,0.8632000088691711
1,0,0,0,0,3,0,0,0,0,8,0,0,128,5,7,1,2,64,3,5,2,3,0,0,8,4,4,128,1,7,5,3,128,1,7,5,3,128,1,7,7,5,128,1,7,6,5,128,3,7,9,5,128,1,6,8,10,0,0,8,11,11,128,5,2,12,12,0,0,0,0,0,0,0,0,0,0,0,0,0,0,0,0,0,0,0,0,0,0,0,0,0,0,0,0,0,0,0,0,0,0,0,0,0,0,0,0,0,0,0,0,0,0,0,0,0,0,0,0,0,0,0,0,0,0,0,0,0,0,0,0,0,0,0,0,0,0,0,0,0,0,0,0,0,0,0,0,0,0,0.9056000113487244
1,0,0,0,0,3,0,0,0,0,8,0,0,64,3,8,0,0,128,5,7,1,3,64,3,7,2,4,64,1,5,3,4,0,0,8,6,6,128,1,3,5,5,0,0,7,7,4,128,1,7,9,8,128,1,3,8,8,0,0,7,11,8,128,1,6,10,12,0,0,8,13,13,32,3,2,14,14,0,0,0,0,0,0,0,0,0,0,0,0,0,0,0,0,0,0,0,0,0,0,0,0,0,0,0,0,0,0,0,0,0,0,0,0,0,0,0,0,0,0,0,0,0,0,0,0,0,0,0,0,0,0,0,0,0,0,0,0,0,0,0,0,0,0,0,0,0,0,0,0,0.8564000129699707
1,0,0,0,0,8,0,0,128,5,8,0,0,64,1,7,2,1,128,5,7,1,1,64,3,5,1,4,0,0,8,5,5,128,1,7,3,3,64,1,7,4,4,128,1,7,6,4,128,1,7,9,6,128,1,7,8,7,128,3,6,11,7,0,0,6,10,12,0,0,8,13,13,128,5,2,14,14,0,0,0,0,0,0,0,0,0,0,0,0,0,0,0,0,0,0,0,0,0,0,0,0,0,0,0,0,0,0,0,0,0,0,0,0,0,0,0,0,0,0,0,0,0,0,0,0,0,0,0,0,0,0,0,0,0,0,0,0,0,0,0,0,0,0,0,0,0,0,0,0,0.8676000237464905
1,0,0,0,0,3,0,0,0,0,8,0,0,128,5,7,1,0,64,3,5,2,3,0,0,8,4,4,128,1,7,5,3,128,1,7,5,3,128,1,7,7,5,128,1,7,6,5,128,3,7,9,5,128,1,6,8,10,0,0,8,11,11,128,5,2,12,12,0,0,0,0,0,0,0,0,0,0,0,0,0,0,0,0,0,0,0,0,0,0,0,0,0,0,0,0,0,0,0,0,0,0,0,0,0,0,0,0,0,0,0,0,0,0,0,0,0,0,0,0,0,0,0,0,0,0,0,0,0,0,0,0,0,0,0,0,0,0,0,0,0,0,0,0,0,0,0,0,0,0,0.9056000113487244
1,0,0,0,0,7,0,0,64,1,7,1,1,128,1,8,2,2,128,1,7,3,1,128,1,7,3,1,128,1,7,5,3,128,1,7,4,3,128,3,7,7,3,128,1,6,6,8,0,0,8,9,8,128,5,2,10,10,0,0,0,0,0,0,0,0,0,0,0,0,0,0,0,0,0,0,0,0,0,0,0,0,0,0,0,0,0,0,0,0,0,0,0,0,0,0,0,0,0,0,0,0,0,0,0,0,0,0,0,0,0,0,0,0,0,0,0,0,0,0,0,0,0,0,0,0,0,0,0,0,0,0,0,0,0,0,0,0,0,0,0,0,0,0,0,0,0,0,0,0,0.5785999894142151
1,0,0,0,0,3,0,0,0,0,8,0,0,64,3,8,0,0,128,5,8,3,0,128,5,7,1,1,64,3,6,2,2,0,0,5,4,5,0,0,8,7,7,128,1,3,6,6,0,0,6,2,9,0,0,7,8,9,128,1,7,11,9,128,1,7,10,10,128,3,7,13,9,128,1,6,12,14,0,0,8,15,15,128,5,2,16,16,0,0,0,0,0,0,0,0,0,0,0,0,0,0,0,0,0,0,0,0,0,0,0,0,0,0,0,0,0,0,0,0,0,0,0,0,0,0,0,0,0,0,0,0,0,0,0,0,0,0,0,0,0,0,0,0,0,0,0,0,0,0,0.890999972820282
1,0,0,0,0,3,0,0,0,0,8,0,0,128,5,7,1,0,64,3,5,2,3,0,0,8,4,4,128,1,7,5,5,128,1,7,5,3,128,1,7,7,5,128,1,7,6,5,128,3,7,9,5,128,1,6,8,10,0,0,8,11,11,128,5,2,12,12,0,0,0,0,0,0,0,0,0,0,0,0,0,0,0,0,0,0,0,0,0,0,0,0,0,0,0,0,0,0,0,0,0,0,0,0,0,0,0,0,0,0,0,0,0,0,0,0,0,0,0,0,0,0,0,0,0,0,0,0,0,0,0,0,0,0,0,0,0,0,0,0,0,0,0,0,0,0,0,0,0,0,0.9056000113487244
1,0,0,0,0,8,0,0,32,3,7,1,1,128,1,8,2,2,128,1,7,3,3,128,1,7,3,1,128,1,7,5,3,128,1,7,4,3,128,3,7,7,3,128,1,6,6,8,0,0,8,9,8,128,5,2,10,10,0,0,0,0,0,0,0,0,0,0,0,0,0,0,0,0,0,0,0,0,0,0,0,0,0,0,0,0,0,0,0,0,0,0,0,0,0,0,0,0,0,0,0,0,0,0,0,0,0,0,0,0,0,0,0,0,0,0,0,0,0,0,0,0,0,0,0,0,0,0,0,0,0,0,0,0,0,0,0,0,0,0,0,0,0,0,0,0,0,0,0,0,0.718999981880188
1,0,0,0,0,3,0,0,0,0,8,0,0,64,3,8,0,0,128,5,8,3,0,128,5,7,1,3,64,3,8,5,5,32,1,7,1,1,64,3,6,6,2,0,0,5,4,7,0,0,8,9,9,128,1,3,8,8,0,0,6,2,11,0,0,7,10,11,128,1,7,13,11,128,1,7,12,11,128,3,7,15,11,128,1,6,14,16,0,0,8,17,17,128,5,2,18,18,0,0,0,0,0,0,0,0,0,0,0,0,0,0,0,0,0,0,0,0,0,0,0,0,0,0,0,0,0,0,0,0,0,0,0,0,0,0,0,0,0,0,0,0,0,0,0,0,0,0,0,0,0.0
1,0,0,0,0,3,0,0,0,0,8,0,0,128,5,7,1,0,64,3,5,2,3,0,0,8,4,4,128,1,7,5,5,128,1,7,5,3,128,1,7,7,5,128,1,7,6,5,128,3,7,9,5,128,1,6,8,10,0,0,8,11,11,128,5,2,12,12,0,0,0,0,0,0,0,0,0,0,0,0,0,0,0,0,0,0,0,0,0,0,0,0,0,0,0,0,0,0,0,0,0,0,0,0,0,0,0,0,0,0,0,0,0,0,0,0,0,0,0,0,0,0,0,0,0,0,0,0,0,0,0,0,0,0,0,0,0,0,0,0,0,0,0,0,0,0,0,0,0,0,0.9056000113487244
1,0,0,0,0,7,0,0,64,1,7,1,1,128,1,8,2,2,128,1,7,3,3,128,1,7,3,1,128,1,7,5,3,128,1,7,4,3,128,3,7,7,3,128,1,6,6,8,0,0,8,9,8,128,5,2,10,10,0,0,0,0,0,0,0,0,0,0,0,0,0,0,0,0,0,0,0,0,0,0,0,0,0,0,0,0,0,0,0,0,0,0,0,0,0,0,0,0,0,0,0,0,0,0,0,0,0,0,0,0,0,0,0,0,0,0,0,0,0,0,0,0,0,0,0,0,0,0,0,0,0,0,0,0,0,0,0,0,0,0,0,0,0,0,0,0,0,0,0,0,0.5618000030517578
1,0,0,0,0,3,0,0,0,0,8,0,0,64,3,8,0,0,128,5,8,3,0,128,5,7,1,3,64,3,8,5,5,32,1,7,1,1,64,3,6,6,2,0,0,5,4,7,0,0,8,9,9,128,1,3,8,8,0,0,6,2,11,0,0,7,10,11,128,1,7,13,11,128,1,7,12,11,128,3,7,15,11,128,1,6,14,16,0,0,8,17,17,128,5,2,18,18,0,0,0,0,0,0,0,0,0,0,0,0,0,0,0,0,0,0,0,0,0,0,0,0,0,0,0,0,0,0,0,0,0,0,0,0,0,0,0,0,0,0,0,0,0,0,0,0,0,0,0,0,0.0
1,0,0,0,0,3,0,0,0,0,8,0,0,128,5,7,1,0,64,3,5,2,3,0,0,8,4,4,128,1,7,5,4,128,1,7,5,3,128,1,7,7,5,128,1,7,6,8,128,3,7,9,5,128,1,6,8,10,0,0,8,11,11,128,5,2,12,12,0,0,0,0,0,0,0,0,0,0,0,0,0,0,0,0,0,0,0,0,0,0,0,0,0,0,0,0,0,0,0,0,0,0,0,0,0,0,0,0,0,0,0,0,0,0,0,0,0,0,0,0,0,0,0,0,0,0,0,0,0,0,0,0,0,0,0,0,0,0,0,0,0,0,0,0,0,0,0,0,0,0,0.9056000113487244
1,0,0,0,0,3,0,0,0,0,8,0,0,128,5,7,1,2,64,3,5,2,3,0,0,8,4,4,128,1,7,5,4,128,1,7,5,3,128,1,7,7,5,128,1,7,6,8,128,3,7,9,5,128,1,6,8,10,0,0,8,11,9,128,1,2,12,11,0,0,0,0,0,0,0,0,0,0,0,0,0,0,0,0,0,0,0,0,0,0,0,0,0,0,0,0,0,0,0,0,0,0,0,0,0,0,0,0,0,0,0,0,0,0,0,0,0,0,0,0,0,0,0,0,0,0,0,0,0,0,0,0,0,0,0,0,0,0,0,0,0,0,0,0,0,0,0,0,0,0,0.864799976348877
1,0,0,0,0,8,0,0,128,5,8,1,0,128,5,7,1,1,64,3,5,1,3,0,0,8,4,4,128,1,8,2,2,64,5,8,5,3,64,5,7,5,3,128,1,7,8,5,128,1,7,7,9,128,3,6,10,6,0,0,6,9,11,0,0,8,12,12,128,5,2,13,13,0,0,0,0,0,0,0,0,0,0,0,0,0,0,0,0,0,0,0,0,0,0,0,0,0,0,0,0,0,0,0,0,0,0,0,0,0,0,0,0,0,0,0,0,0,0,0,0,0,0,0,0,0,0,0,0,0,0,0,0,0,0,0,0,0,0,0,0,0,0,0,0,0,0,0,0,0,0.715399980545044
1,0,0,0,0,3,0,0,0,0,8,0,0,128,5,7,1,0,64,3,5,2,3,0,0,8,4,4,128,1,7,5,4,128,1,7,5,3,128,1,7,7,5,128,1,7,6,8,128,3,7,9,5,128,1,6,8,10,0,0,8,11,11,128,5,2,12,12,0,0,0,0,0,0,0,0,0,0,0,0,0,0,0,0,0,0,0,0,0,0,0,0,0,0,0,0,0,0,0,0,0,0,0,0,0,0,0,0,0,0,0,0,0,0,0,0,0,0,0,0,0,0,0,0,0,0,0,0,0,0,0,0,0,0,0,0,0,0,0,0,0,0,0,0,0,0,0,0,0,0,0.9056000113487244
1,0,0,0,0,3,0,0,0,0,8,0,0,64,3,8,0,0,128,5,7,1,0,64,3,5,3,4,0,0,7,2,3,64,5,8,5,5,128,1,7,7,4,128,1,7,8,7,128,1,3,6,7,0,0,7,10,7,128,1,6,9,11,0,0,8,12,12,32,3,2,13,13,0,0,0,0,0,0,0,0,0,0,0,0,0,0,0,0,0,0,0,0,0,0,0,0,0,0,0,0,0,0,0,0,0,0,0,0,0,0,0,0,0,0,0,0,0,0,0,0,0,0,0,0,0,0,0,0,0,0,0,0,0,0,0,0,0,0,0,0,0,0,0,0,0,0,0,0,0,0.8615999817848206
1,0,0,0,0,3,0,0,0,0,8,0,0,128,5,4,1,1,0,0,8,3,2,128,3,7,2,0,64,3,5,2,5,0,0,8,6,6,128,1,7,4,1,64,1,7,8,4,64,1,7,5,6,128,1,7,7,5,128,1,7,11,8,128,1,7,10,12,128,3,6,13,9,0,0,6,12,14,0,0,8,15,15,128,5,2,16,16,0,0,0,0,0,0,0,0,0,0,0,0,0,0,0,0,0,0,0,0,0,0,0,0,0,0,0,0,0,0,0,0,0,0,0,0,0,0,0,0,0,0,0,0,0,0,0,0,0,0,0,0,0,0,0,0,0,0,0,0,0,0,0.0
1,0,0,0,0,3,0,0,0,0,8,0,0,128,5,7,1,0,64,3,5,2,3,0,0,8,4,4,128,1,7,5,4,128,1,7,5,3,128,1,7,7,5,128,1,7,6,8,128,3,7,9,5,128,1,6,8,10,0,0,8,11,11,128,5,2,12,12,0,0,0,0,0,0,0,0,0,0,0,0,0,0,0,0,0,0,0,0,0,0,0,0,0,0,0,0,0,0,0,0,0,0,0,0,0,0,0,0,0,0,0,0,0,0,0,0,0,0,0,0,0,0,0,0,0,0,0,0,0,0,0,0,0,0,0,0,0,0,0,0,0,0,0,0,0,0,0,0,0,0,0.9056000113487244
1,0,0,0,0,8,0,0,64,3,8,0,0,128,5,8,2,0,128,5,7,1,3,64,1,3,3,3,0,0,8,4,3,64,3,8,6,6,128,3,7,5,6,32,1,7,7,3,128,1,7,9,6,128,1,8,8,5,64,1,7,11,11,128,3,6,10,12,0,0,8,13,13,128,5,2,14,14,0,0,0,0,0,0,0,0,0,0,0,0,0,0,0,0,0,0,0,0,0,0,0,0,0,0,0,0,0,0,0,0,0,0,0,0,0,0,0,0,0,0,0,0,0,0,0,0,0,0,0,0,0,0,0,0,0,0,0,0,0,0,0,0,0,0,0,0,0,0,0,0,0.8992000222206116
1,0,0,0,0,8,0,0,128,5,7,1,0,64,3,5,1,2,0,0,8,3,3,128,1,7,4,3,128,1,8,4,4,64,5,7,6,4,128,1,7,5,7,128,3,7,8,4,128,1,6,7,9,0,0,8,10,10,128,5,2,11,11,0,0,0,0,0,0,0,0,0,0,0,0,0,0,0,0,0,0,0,0,0,0,0,0,0,0,0,0,0,0,0,0,0,0,0,0,0,0,0,0,0,0,0,0,0,0,0,0,0,0,0,0,0,0,0,0,0,0,0,0,0,0,0,0,0,0,0,0,0,0,0,0,0,0,0,0,0,0,0,0,0,0,0,0,0,0,0,0.7355999946594238
1,0,0,0,0,3,0,0,0,0,8,0,0,128,5,7,1,0,64,3,5,2,3,0,0,8,4,4,128,1,7,5,4,128,1,7,5,3,128,1,7,7,5,128,1,7,6,8,128,3,7,9,5,128,1,6,8,10,0,0,8,11,11,128,5,2,12,12,0,0,0,0,0,0,0,0,0,0,0,0,0,0,0,0,0,0,0,0,0,0,0,0,0,0,0,0,0,0,0,0,0,0,0,0,0,0,0,0,0,0,0,0,0,0,0,0,0,0,0,0,0,0,0,0,0,0,0,0,0,0,0,0,0,0,0,0,0,0,0,0,0,0,0,0,0,0,0,0,0,0,0.9056000113487244
1,0,0,0,0,3,0,0,0,0,7,0,0,64,1,8,0,0,64,3,8,0,0,128,5,8,4,0,128,5,7,1,2,64,3,6,0,2,0,0,5,5,6,0,0,8,8,8,128,1,3,7,7,0,0,6,3,10,0,0,7,9,10,128,1,7,12,10,128,1,7,11,13,128,3,7,14,10,128,1,6,13,15,0,0,8,16,16,128,5,2,17,17,0,0,0,0,0,0,0,0,0,0,0,0,0,0,0,0,0,0,0,0,0,0,0,0,0,0,0,0,0,0,0,0,0,0,0,0,0,0,0,0,0,0,0,0,0,0,0,0,0,0,0,0,0,0,0,0,0,0.895799994468689
1,0,0,0,0,8,0,0,64,3,8,1,0,32,3,7,2,2,64,3,7,3,3,32,5,7,4,4,32,5,8,5,5,128,5,2,6,6,0,0,0,0,0,0,0,0,0,0,0,0,0,0,0,0,0,0,0,0,0,0,0,0,0,0,0,0,0,0,0,0,0,0,0,0,0,0,0,0,0,0,0,0,0,0,0,0,0,0,0,0,0,0,0,0,0,0,0,0,0,0,0,0,0,0,0,0,0,0,0,0,0,0,0,0,0,0,0,0,0,0,0,0,0,0,0,0,0,0,0,0,0,0,0,0,0,0,0,0,0,0,0,0,0,0,0,0,0,0,0,0,0.5845999717712402
1,0,0,0,0,3,0,0,0,0,8,0,0,128,5,7,1,0,64,3,5,2,3,0,0,8,4,4,128,1,7,5,4,128,1,7,5,3,128,1,7,7,5,128,1,7,6,5,128,3,7,9,5,128,1,6,8,10,0,0,8,11,11,128,5,2,12,12,0,0,0,0,0,0,0,0,0,0,0,0,0,0,0,0,0,0,0,0,0,0,0,0,0,0,0,0,0,0,0,0,0,0,0,0,0,0,0,0,0,0,0,0,0,0,0,0,0,0,0,0,0,0,0,0,0,0,0,0,0,0,0,0,0,0,0,0,0,0,0,0,0,0,0,0,0,0,0,0,0,0,0.9056000113487244
1,0,0,0,0,8,0,0,128,5,8,1,0,128,5,3,2,2,0,0,7,3,3,32,1,3,4,4,0,0,8,5,4,128,5,2,6,6,0,0,0,0,0,0,0,0,0,0,0,0,0,0,0,0,0,0,0,0,0,0,0,0,0,0,0,0,0,0,0,0,0,0,0,0,0,0,0,0,0,0,0,0,0,0,0,0,0,0,0,0,0,0,0,0,0,0,0,0,0,0,0,0,0,0,0,0,0,0,0,0,0,0,0,0,0,0,0,0,0,0,0,0,0,0,0,0,0,0,0,0,0,0,0,0,0,0,0,0,0,0,0,0,0,0,0,0,0,0,0,0,0.8938000202178955
1,0,0,0,0,8,0,0,32,3,8,0,0,128,5,8,2,0,128,5,6,0,1,0,0,3,3,3,0,0,3,4,4,0,0,8,5,3,32,5,8,6,6,64,1,7,8,8,128,1,5,7,9,0,0,8,10,6,128,3,7,11,8,64,5,2,12,12,0,0,0,0,0,0,0,0,0,0,0,0,0,0,0,0,0,0,0,0,0,0,0,0,0,0,0,0,0,0,0,0,0,0,0,0,0,0,0,0,0,0,0,0,0,0,0,0,0,0,0,0,0,0,0,0,0,0,0,0,0,0,0,0,0,0,0,0,0,0,0,0,0,0,0,0,0,0,0,0,0,0,0.6115999817848206
1,0,0,0,0,3,0,0,0,0,8,0,0,128,5,7,1,0,64,3,5,2,3,0,0,8,4,4,128,1,7,5,4,128,1,7,5,3,128,1,7,7,5,128,1,7,6,5,128,3,7,9,5,128,1,6,8,10,0,0,8,11,11,128,5,2,12,12,0,0,0,0,0,0,0,0,0,0,0,0,0,0,0,0,0,0,0,0,0,0,0,0,0,0,0,0,0,0,0,0,0,0,0,0,0,0,0,0,0,0,0,0,0,0,0,0,0,0,0,0,0,0,0,0,0,0,0,0,0,0,0,0,0,0,0,0,0,0,0,0,0,0,0,0,0,0,0,0,0,0,0.9056000113487244
1,0,0,0,0,7,0,0,32,5,8,1,0,128,5,3,2,2,0,0,7,3,3,32,1,3,4,4,0,0,8,5,4,128,5,2,6,6,0,0,0,0,0,0,0,0,0,0,0,0,0,0,0,0,0,0,0,0,0,0,0,0,0,0,0,0,0,0,0,0,0,0,0,0,0,0,0,0,0,0,0,0,0,0,0,0,0,0,0,0,0,0,0,0,0,0,0,0,0,0,0,0,0,0,0,0,0,0,0,0,0,0,0,0,0,0,0,0,0,0,0,0,0,0,0,0,0,0,0,0,0,0,0,0,0,0,0,0,0,0,0,0,0,0,0,0,0,0,0,0,0.8877999782562256
1,0,0,0,0,8,0,0,64,3,8,0,0,128,5,8,2,0,128,5,3,3,3,0,0,7,1,3,64,5,8,4,3,32,5,3,5,5,0,0,5,6,7,0,0,8,8,5,128,3,7,9,7,64,5,2,10,10,0,0,0,0,0,0,0,0,0,0,0,0,0,0,0,0,0,0,0,0,0,0,0,0,0,0,0,0,0,0,0,0,0,0,0,0,0,0,0,0,0,0,0,0,0,0,0,0,0,0,0,0,0,0,0,0,0,0,0,0,0,0,0,0,0,0,0,0,0,0,0,0,0,0,0,0,0,0,0,0,0,0,0,0,0,0,0,0,0,0,0,0,0.8952000141143799
1,0,0,0,0,3,0,0,0,0,8,0,0,128,5,7,1,0,64,3,5,2,3,0,0,8,4,4,128,1,7,5,5,128,1,7,5,3,128,1,7,7,5,128,1,7,6,5,128,3,7,9,5,128,1,6,8,10,0,0,8,11,11,128,5,2,12,12,0,0,0,0,0,0,0,0,0,0,0,0,0,0,0,0,0,0,0,0,0,0,0,0,0,0,0,0,0,0,0,0,0,0,0,0,0,0,0,0,0,0,0,0,0,0,0,0,0,0,0,0,0,0,0,0,0,0,0,0,0,0,0,0,0,0,0,0,0,0,0,0,0,0,0,0,0,0,0,0,0,0,0.9056000113487244
1,0,0,0,0,3,0,0,0,0,8,0,0,64,3,8,0,0,128,5,7,1,0,64,3,5,3,4,0,0,7,2,3,64,5,8,5,5,128,1,7,7,4,128,1,7,8,7,128,1,3,6,7,0,0,7,10,7,128,1,6,9,11,0,0,8,12,12,32,3,2,13,13,0,0,0,0,0,0,0,0,0,0,0,0,0,0,0,0,0,0,0,0,0,0,0,0,0,0,0,0,0,0,0,0,0,0,0,0,0,0,0,0,0,0,0,0,0,0,0,0,0,0,0,0,0,0,0,0,0,0,0,0,0,0,0,0,0,0,0,0,0,0,0,0,0,0,0,0,0,0.8564000129699707
1,0,0,0,0,3,0,0,0,0,8,0,0,128,5,7,1,1,64,3,8,3,2,128,3,7,2,0,64,3,5,2,5,0,0,8,6,6,128,1,7,4,1,64,1,7,8,4,64,1,7,5,8,128,1,7,7,5,128,1,7,11,6,128,1,7,10,9,128,3,6,13,9,0,0,6,12,14,0,0,8,15,15,128,5,2,16,16,0,0,0,0,0,0,0,0,0,0,0,0,0,0,0,0,0,0,0,0,0,0,0,0,0,0,0,0,0,0,0,0,0,0,0,0,0,0,0,0,0,0,0,0,0,0,0,0,0,0,0,0,0,0,0,0,0,0,0,0,0,0,0.8881999850273132
